1 2.2
2 2.2
3 2.2
4 2.2
5 2.2
6 2.2
7 2.2
8 2.2
9 2.2
10 2.2
11 2.2
12 2.2
13 2.2
14 2.2
15 2.2
16 2.2
17 2.2
18 2.2
19 2.2
20 2.2
21 2.2
22 2.2
23 2.2
24 2.2
25 2.2
26 2.2
27 2.2
28 2.2
29 2.2
30 2.2005
31 2.2019
32 2.2042
33 2.2071
34 2.2106
35 2.2146
36 2.219
37 2.2237
38 2.2287
39 2.234
40 2.2394
41 2.2449
42 2.2506
43 2.2562
44 2.2619
45 2.2676
46 2.2733
47 2.2789
48 2.2844
49 2.2899
50 2.2952
51 2.3005
52 2.3056
53 2.3106
54 2.3155
55 2.3202
56 2.3249
57 2.3293
58 2.3337
59 2.3379
60 2.3419
61 2.3458
62 2.3496
63 2.3533
64 2.3568
65 2.3601
66 2.3634
67 2.3665
68 2.3695
69 2.3724
70 2.3751
71 2.3778
72 2.3803
73 2.3827
74 2.385
75 2.3873
76 2.3894
77 2.3914
78 2.3933
79 2.3952
80 2.397
81 2.3986
82 2.4003
83 2.4018
84 2.4032
85 2.4046
86 2.406
87 2.4072
88 2.4084
89 2.4096
90 2.4107
91 2.4117
92 2.4127
93 2.4137
94 2.4146
95 2.4154
96 2.4162
97 2.417
98 2.4177
99 2.4184
100 2.4191
101 2.4197
102 2.4203
103 2.4209
104 2.4214
105 2.4219
106 2.4224
107 2.4229
108 2.4233
109 2.4237
110 2.4241
111 2.4245
112 2.4248
113 2.4252
114 2.4255
115 2.4258
116 2.4261
117 2.4264
118 2.4266
119 2.4269
120 2.4271
121 2.4273
122 2.4275
123 2.4277
124 2.4279
125 2.4281
126 2.4282
127 2.4284
128 2.4286
129 2.4287
130 2.4288
131 2.429
132 2.4291
133 2.4292
134 2.4293
135 2.4294
136 2.4295
137 2.4296
138 2.4297
139 2.4298
140 2.4298
141 2.4299
142 2.43
143 2.4301
144 2.4301
145 2.4302
146 2.4302
147 2.4303
148 2.4303
149 2.4304
150 2.4304
151 2.4305
152 2.4305
153 2.4306
154 2.4306
155 2.4306
156 2.4307
157 2.4307
158 2.4307
159 2.4307
160 2.4308
161 2.4308
162 2.4308
163 2.4308
164 2.4309
165 2.4309
166 2.4309
167 2.4309
168 2.4309
169 2.431
170 2.431
171 2.431
172 2.431
173 2.431
174 2.431
175 2.431
176 2.431
177 2.4311
178 2.4311
179 2.4311
180 2.4311
181 2.4311
182 2.4311
183 2.4311
184 2.4311
185 2.4311
186 2.4311
187 2.4311
188 2.4311
189 2.4311
190 2.4311
191 2.4312
192 2.4312
193 2.4312
194 2.4312
195 2.4312
196 2.4312
197 2.4312
198 2.4312
199 2.4312
200 2.4312
