1 2.2
2 2.2
3 2.2
4 2.2
5 2.2
6 2.2
7 2.2
8 2.2
9 2.2
10 2.2
11 2.2
12 2.2
13 2.2
14 2.2
15 2.2
16 2.2
17 2.2
18 2.2
19 2.2
20 2.2
21 2.2
22 2.2
23 2.2
24 2.2
25 2.2
26 2.2
27 2.2
28 2.2
29 2.2
30 2.1998
31 2.1994
32 2.1986
33 2.1976
34 2.1965
35 2.1951
36 2.1937
37 2.1921
38 2.1904
39 2.1887
40 2.1869
41 2.185
42 2.1831
43 2.1813
44 2.1794
45 2.1775
46 2.1756
47 2.1737
48 2.1719
49 2.17
50 2.1683
51 2.1665
52 2.1648
53 2.1631
54 2.1615
55 2.1599
56 2.1584
57 2.1569
58 2.1554
59 2.154
60 2.1527
61 2.1514
62 2.1501
63 2.1489
64 2.1477
65 2.1466
66 2.1455
67 2.1445
68 2.1435
69 2.1425
70 2.1416
71 2.1407
72 2.1399
73 2.1391
74 2.1383
75 2.1376
76 2.1369
77 2.1362
78 2.1356
79 2.1349
80 2.1343
81 2.1338
82 2.1332
83 2.1327
84 2.1323
85 2.1318
86 2.1313
87 2.1309
88 2.1305
89 2.1301
90 2.1298
91 2.1294
92 2.1291
93 2.1288
94 2.1285
95 2.1282
96 2.1279
97 2.1277
98 2.1274
99 2.1272
100 2.127
101 2.1268
102 2.1266
103 2.1264
104 2.1262
105 2.126
106 2.1259
107 2.1257
108 2.1256
109 2.1254
110 2.1253
111 2.1252
112 2.1251
113 2.1249
114 2.1248
115 2.1247
116 2.1246
117 2.1245
118 2.1245
119 2.1244
120 2.1243
121 2.1242
122 2.1242
123 2.1241
124 2.124
125 2.124
126 2.1239
127 2.1239
128 2.1238
129 2.1238
130 2.1237
131 2.1237
132 2.1236
133 2.1236
134 2.1236
135 2.1235
136 2.1235
137 2.1235
138 2.1234
139 2.1234
140 2.1234
141 2.1234
142 2.1233
143 2.1233
144 2.1233
145 2.1233
146 2.1233
147 2.1232
148 2.1232
149 2.1232
150 2.1232
151 2.1232
152 2.1232
153 2.1231
154 2.1231
155 2.1231
156 2.1231
157 2.1231
158 2.1231
159 2.1231
160 2.1231
161 2.1231
162 2.1231
163 2.1231
164 2.123
165 2.123
166 2.123
167 2.123
168 2.123
169 2.123
170 2.123
171 2.123
172 2.123
173 2.123
174 2.123
175 2.123
176 2.123
177 2.123
178 2.123
179 2.123
180 2.123
181 2.123
182 2.123
183 2.123
184 2.123
185 2.123
186 2.123
187 2.123
188 2.123
189 2.123
190 2.123
191 2.1229
192 2.1229
193 2.1229
194 2.1229
195 2.1229
196 2.1229
197 2.1229
198 2.1229
199 2.1229
200 2.1229
