1 0
2 0
3 0
4 0
5 0
6 0
7 0
8 0
9 0
10 0
11 0
12 0
13 0
14 0
15 0.038453
16 0.074934
17 0.10954
18 0.14237
19 0.17352
20 0.20306
21 0.23109
22 0.25768
23 0.2829
24 0.30682
25 0.32951
26 0.35103
27 0.37144
28 0.39081
29 0.40917
30 0.42659
31 0.44312
32 0.45879
33 0.47365
34 0.48775
35 0.50112
36 0.5138
37 0.52583
38 0.53723
39 0.54805
40 0.55831
41 0.56805
42 0.57728
43 0.58603
44 0.59433
45 0.6022
46 0.60967
47 0.61675
48 0.62347
49 0.62984
50 0.63588
51 0.64161
52 0.64704
53 0.6522
54 0.65708
55 0.66172
56 0.66612
57 0.67028
58 0.67424
59 0.67799
60 0.68154
61 0.68492
62 0.68811
63 0.69115
64 0.69402
65 0.69675
66 0.69934
67 0.70179
68 0.70412
69 0.70633
70 0.70842
71 0.7104
72 0.71229
73 0.71407
74 0.71577
75 0.71737
76 0.71889
77 0.72034
78 0.72171
79 0.72301
80 0.72424
81 0.72541
82 0.72651
83 0.72756
84 0.72856
85 0.72951
86 0.7304
87 0.73125
88 0.73206
89 0.73282
90 0.73355
91 0.73423
92 0.73489
93 0.7355
94 0.73609
95 0.73665
96 0.73717
97 0.73767
98 0.73815
99 0.7386
100 0.73902
101 0.73943
102 0.73981
103 0.74018
104 0.74052
105 0.74085
106 0.74116
107 0.74145
108 0.74173
109 0.742
110 0.74225
111 0.74249
112 0.74271
113 0.74293
114 0.74313
115 0.74332
116 0.74351
117 0.74368
118 0.74384
119 0.744
120 0.74415
121 0.74429
122 0.74442
123 0.74455
124 0.74466
125 0.74478
126 0.74489
127 0.74499
128 0.74508
129 0.74518
130 0.74526
131 0.74535
132 0.74542
133 0.7455
134 0.74557
135 0.74563
136 0.7457
137 0.74576
138 0.74581
139 0.74587
140 0.74592
141 0.74597
142 0.74601
143 0.74606
144 0.7461
145 0.74614
146 0.74618
147 0.74621
148 0.74624
149 0.74628
150 0.74631
151 0.74634
152 0.74636
153 0.74639
154 0.74641
155 0.74644
156 0.74646
157 0.74648
158 0.7465
159 0.74652
160 0.74653
161 0.74655
162 0.74657
163 0.74658
164 0.7466
165 0.74661
166 0.74662
167 0.74663
168 0.74665
169 0.74666
170 0.74667
171 0.74668
172 0.74669
173 0.7467
174 0.7467
175 0.74671
176 0.74672
177 0.74673
178 0.74673
179 0.74674
180 0.74675
181 0.74675
182 0.74676
183 0.74676
184 0.74677
185 0.74677
186 0.74678
187 0.74678
188 0.74679
189 0.74679
190 0.74679
191 0.7468
192 0.7468
193 0.7468
194 0.74681
195 0.74681
196 0.74681
197 0.74681
198 0.74682
199 0.74682
200 0.74682
