1 0
2 0
3 0
4 0
5 0
6 0
7 0
8 0
9 0
10 0
11 0
12 0
13 0
14 0
15 -0.0076906
16 -0.014987
17 -0.021908
18 -0.028475
19 -0.034704
20 -0.040613
21 -0.046218
22 -0.051535
23 -0.056579
24 -0.061363
25 -0.065901
26 -0.070206
27 -0.074289
28 -0.078161
29 -0.081835
30 -0.085319
31 -0.088623
32 -0.091757
33 -0.09473
34 -0.09755
35 -0.10022
36 -0.10276
37 -0.10517
38 -0.10745
39 -0.10961
40 -0.11166
41 -0.11361
42 -0.11546
43 -0.11721
44 -0.11887
45 -0.12044
46 -0.12193
47 -0.12335
48 -0.12469
49 -0.12597
50 -0.12718
51 -0.12832
52 -0.12941
53 -0.13044
54 -0.13142
55 -0.13234
56 -0.13322
57 -0.13406
58 -0.13485
59 -0.1356
60 -0.13631
61 -0.13698
62 -0.13762
63 -0.13823
64 -0.1388
65 -0.13935
66 -0.13987
67 -0.14036
68 -0.14082
69 -0.14127
70 -0.14168
71 -0.14208
72 -0.14246
73 -0.14281
74 -0.14315
75 -0.14347
76 -0.14378
77 -0.14407
78 -0.14434
79 -0.1446
80 -0.14485
81 -0.14508
82 -0.1453
83 -0.14551
84 -0.14571
85 -0.1459
86 -0.14608
87 -0.14625
88 -0.14641
89 -0.14656
90 -0.14671
91 -0.14685
92 -0.14698
93 -0.1471
94 -0.14722
95 -0.14733
96 -0.14743
97 -0.14753
98 -0.14763
99 -0.14772
100 -0.1478
101 -0.14789
102 -0.14796
103 -0.14804
104 -0.1481
105 -0.14817
106 -0.14823
107 -0.14829
108 -0.14835
109 -0.1484
110 -0.14845
111 -0.1485
112 -0.14854
113 -0.14859
114 -0.14863
115 -0.14866
116 -0.1487
117 -0.14874
118 -0.14877
119 -0.1488
120 -0.14883
121 -0.14886
122 -0.14888
123 -0.14891
124 -0.14893
125 -0.14896
126 -0.14898
127 -0.149
128 -0.14902
129 -0.14904
130 -0.14905
131 -0.14907
132 -0.14908
133 -0.1491
134 -0.14911
135 -0.14913
136 -0.14914
137 -0.14915
138 -0.14916
139 -0.14917
140 -0.14918
141 -0.14919
142 -0.1492
143 -0.14921
144 -0.14922
145 -0.14923
146 -0.14924
147 -0.14924
148 -0.14925
149 -0.14926
150 -0.14926
151 -0.14927
152 -0.14927
153 -0.14928
154 -0.14928
155 -0.14929
156 -0.14929
157 -0.1493
158 -0.1493
159 -0.1493
160 -0.14931
161 -0.14931
162 -0.14931
163 -0.14932
164 -0.14932
165 -0.14932
166 -0.14932
167 -0.14933
168 -0.14933
169 -0.14933
170 -0.14933
171 -0.14934
172 -0.14934
173 -0.14934
174 -0.14934
175 -0.14934
176 -0.14934
177 -0.14935
178 -0.14935
179 -0.14935
180 -0.14935
181 -0.14935
182 -0.14935
183 -0.14935
184 -0.14935
185 -0.14935
186 -0.14936
187 -0.14936
188 -0.14936
189 -0.14936
190 -0.14936
191 -0.14936
192 -0.14936
193 -0.14936
194 -0.14936
195 -0.14936
196 -0.14936
197 -0.14936
198 -0.14936
199 -0.14936
200 -0.14936
