1 0
2 0
3 0
4 0
5 0
6 0
7 0
8 0
9 0
10 0
11 0
12 0
13 0
14 0
15 0.023072
16 0.04496
17 0.065725
18 0.085424
19 0.10411
20 0.12184
21 0.13865
22 0.15461
23 0.16974
24 0.18409
25 0.1977
26 0.21062
27 0.22287
28 0.23448
29 0.2455
30 0.25596
31 0.26587
32 0.27527
33 0.28419
34 0.29265
35 0.30067
36 0.30828
37 0.3155
38 0.32234
39 0.32883
40 0.33499
41 0.34083
42 0.34637
43 0.35162
44 0.3566
45 0.36132
46 0.3658
47 0.37005
48 0.37408
49 0.3779
50 0.38153
51 0.38497
52 0.38823
53 0.39132
54 0.39425
55 0.39703
56 0.39967
57 0.40217
58 0.40454
59 0.40679
60 0.40893
61 0.41095
62 0.41287
63 0.41469
64 0.41641
65 0.41805
66 0.4196
67 0.42108
68 0.42247
69 0.4238
70 0.42505
71 0.42624
72 0.42737
73 0.42844
74 0.42946
75 0.43042
76 0.43134
77 0.4322
78 0.43302
79 0.4338
80 0.43454
81 0.43524
82 0.43591
83 0.43654
84 0.43714
85 0.4377
86 0.43824
87 0.43875
88 0.43923
89 0.43969
90 0.44013
91 0.44054
92 0.44093
93 0.4413
94 0.44165
95 0.44199
96 0.4423
97 0.4426
98 0.44289
99 0.44316
100 0.44341
101 0.44366
102 0.44389
103 0.44411
104 0.44431
105 0.44451
106 0.4447
107 0.44487
108 0.44504
109 0.4452
110 0.44535
111 0.44549
112 0.44563
113 0.44576
114 0.44588
115 0.44599
116 0.4461
117 0.44621
118 0.44631
119 0.4464
120 0.44649
121 0.44657
122 0.44665
123 0.44673
124 0.4468
125 0.44687
126 0.44693
127 0.44699
128 0.44705
129 0.44711
130 0.44716
131 0.44721
132 0.44725
133 0.4473
134 0.44734
135 0.44738
136 0.44742
137 0.44745
138 0.44749
139 0.44752
140 0.44755
141 0.44758
142 0.44761
143 0.44763
144 0.44766
145 0.44768
146 0.44771
147 0.44773
148 0.44775
149 0.44777
150 0.44778
151 0.4478
152 0.44782
153 0.44783
154 0.44785
155 0.44786
156 0.44787
157 0.44789
158 0.4479
159 0.44791
160 0.44792
161 0.44793
162 0.44794
163 0.44795
164 0.44796
165 0.44797
166 0.44797
167 0.44798
168 0.44799
169 0.44799
170 0.448
171 0.44801
172 0.44801
173 0.44802
174 0.44802
175 0.44803
176 0.44803
177 0.44804
178 0.44804
179 0.44804
180 0.44805
181 0.44805
182 0.44805
183 0.44806
184 0.44806
185 0.44806
186 0.44807
187 0.44807
188 0.44807
189 0.44807
190 0.44808
191 0.44808
192 0.44808
193 0.44808
194 0.44808
195 0.44809
196 0.44809
197 0.44809
198 0.44809
199 0.44809
200 0.44809
