1 0
2 0
3 0.10575
4 0.19907
5 0.28142
6 0.35408
7 0.41819
8 0.47476
9 0.52467
10 0.56871
11 0.60755
12 0.64182
13 0.67205
14 0.69871
15 0.72223
16 0.74297
17 0.76126
18 0.77739
19 0.7916
20 0.80414
21 0.81519
22 0.82493
23 0.83352
24 0.84108
25 0.84774
26 0.85362
27 0.85879
28 0.86334
29 0.86735
30 0.87088
31 0.87399
32 0.87672
33 0.87912
34 0.88124
35 0.8831
36 0.88473
37 0.88616
38 0.88742
39 0.88853
40 0.8895
41 0.89035
42 0.8911
43 0.89175
44 0.89232
45 0.89282
46 0.89326
47 0.89364
48 0.89398
49 0.89427
50 0.89452
51 0.89474
52 0.89493
53 0.8951
54 0.89524
55 0.89536
56 0.89547
57 0.89556
58 0.89564
59 0.89571
60 0.89576
61 0.89581
62 0.89585
63 0.89589
64 0.89592
65 0.89594
66 0.89596
67 0.89598
68 0.89599
69 0.896
70 0.89601
71 0.89601
72 0.89601
73 0.89602
74 0.89602
75 0.89602
76 0.89602
77 0.89601
78 0.89601
79 0.89601
80 0.89601
81 0.896
82 0.896
83 0.89599
84 0.89599
85 0.89599
86 0.89598
87 0.89598
88 0.89597
89 0.89597
90 0.89597
91 0.89596
92 0.89596
93 0.89595
94 0.89595
95 0.89595
96 0.89594
97 0.89594
98 0.89594
99 0.89593
100 0.89593
101 0.89593
102 0.89592
103 0.89592
104 0.89592
105 0.89592
106 0.89591
107 0.89591
108 0.89591
109 0.89591
110 0.89591
111 0.8959
112 0.8959
113 0.8959
114 0.8959
115 0.8959
116 0.8959
117 0.89589
118 0.89589
119 0.89589
120 0.89589
121 0.89589
122 0.89589
123 0.89589
124 0.89589
125 0.89589
126 0.89588
127 0.89588
128 0.89588
129 0.89588
130 0.89588
131 0.89588
132 0.89588
133 0.89588
134 0.89588
135 0.89588
136 0.89588
137 0.89588
138 0.89588
139 0.89588
140 0.89588
141 0.89588
142 0.89587
143 0.89587
144 0.89587
145 0.89587
146 0.89587
147 0.89587
148 0.89587
149 0.89587
150 0.89587
151 0.89587
152 0.89587
153 0.89587
154 0.89587
155 0.89587
156 0.89587
157 0.89587
158 0.89587
159 0.89587
160 0.89587
161 0.89587
162 0.89587
163 0.89587
164 0.89587
165 0.89587
166 0.89587
167 0.89587
168 0.89587
169 0.89587
170 0.89587
171 0.89587
172 0.89587
173 0.89587
174 0.89587
175 0.89587
176 0.89587
177 0.89587
178 0.89587
179 0.89587
180 0.89587
181 0.89587
182 0.89587
183 0.89587
184 0.89587
185 0.89587
186 0.89587
187 0.89587
188 0.89587
189 0.89587
190 0.89587
