0
0
0
0
0
0
0
0
0
0.00168730000000039
0.00644925783000083
0.0138700298203940
0.0235758783897513
0.0352313559566095
0.0485358157953240
0.0632202227179786
0.0790442386690087
0.0957935603469142
0.113277487832323
0.131326704916637
0.149791253402523
0.168538685097591
0.187452376555822
0.206429992847036
0.225382087761489
0.244230828892425
0.262908836991441
0.281358129866439
0.299529161896025
0.317379950973051
0.334875285368826
0.351986003633237
0.368688341218929
0.384963338043932
0.400796301690476
0.416176321381566
0.431095828284475
0.445550198064474
0.459537391955654
0.473057632930979
0.486113113843114
0.498707734673081
0.510846866267497
0.522537138168614
0.533786248346448
0.544602792830287
0.554996113409301
0.564976161730050
0.574553378263579
0.583738584747598
0.592542888830923
0.600977599758855
0.609054154040269
0.616784050130715
0.624178791251448
0.631249835542676
0.638008552821044
0.644466187276994
0.650633825507675
0.656522369335952
0.662142512916278
0.667504723674020
0.672619226666777
0.677495991994472
0.682144724919983
0.686574858393957
0.690795547706583
0.694815667015635
0.698643807524330
0.702288277104592
0.705757101181433
0.709058024712455
0.712198515113148
0.715185765993819
0.718026701587766
0.720727981762823
0.723296007519820
0.725736926891766
0.728056641166996
0.730260811367952
0.732354864925005
0.734344002491672
0.736233204853850
0.738027239891430
0.739730669555741
0.741347856830930
0.742882972651548
0.744340002752369
0.745722754429843
0.747034863197600
0.748279799321162
0.749460874219418
0.750581246722601
0.751643929178452
0.752651793399948
0.753607576449523
0.754513886256059
0.755373207062102
0.756187904699846
0.756960231695309
0.757692332200959
0.758386246757752
0.759043916888127
0.759667189522053
0.760257821258648
0.760817482466296
0.761347761224460
0.761850167110709
0.762326134836635
0.762777027736552
0.763204141112968
0.763608705442947
0.763991889449509
0.764354803042302
0.764698500131769
0.765023981321025
0.765332196479664
0.765624047203668
0.765900389165518
0.766162034358606
0.766409753239905
0.766644276774824
0.766866298388086
0.767076475824350
0.767275432922234
0.767463761305280
0.767642021993312
0.767810746937519
0.767970440482509
0.768121580758478
0.768264621006504
0.768399990839922
0.768528097444571
0.768649326720666
0.768764044368907
0.768872596923332
0.768975312733375
0.769072502897433
0.769164462150187
0.769251469705850
0.769333790059362
0.769411673747550
0.769485358072124
0.769555067786324
0.769621015746957
0.769683403533498
0.769742422035810
0.769798252012041
0.769851064618118
0.769901021910236
0.769948277321666
0.769992976115142
0.770035255812028
0.770075246599425
0.770113071716302
0.770148847819700
0.770182685332010
0.770214688770266
0.770244957058357
0.770273583823024
0.770300657674458
0.770326262472273
0.770350477577612
0.770373378092070
0.770395035084125
0.770415515803702
0.770434883885487
0.770453199541564
0.770470519743918
0.770486898397341
0.770502386503221
0.770517032314689
0.770530881483579
0.770543977199616
0.770556360322243
0.770568069505458
0.770579141316045
0.770589610345521
0.770599509316147
0.770608869181299