1 2.2
2 2.2
3 2.2
4 2.2
5 2.2
6 2.2
7 2.2
8 2.2
9 2.2
10 2.2
11 2.2
12 2.2
13 2.2
14 2.2
15 2.2
16 2.2
17 2.2
18 2.2
19 2.2
20 2.2
21 2.2
22 2.2
23 2.2
24 2.2
25 2.2
26 2.2
27 2.2
28 2.2
29 2.2
30 2.2
31 2.2002
32 2.2005
33 2.2009
34 2.2017
35 2.2033
36 2.2057
37 2.2092
38 2.2138
39 2.2194
40 2.2258
41 2.233
42 2.2407
43 2.249
44 2.2576
45 2.2665
46 2.2756
47 2.2849
48 2.2943
49 2.3037
50 2.3131
51 2.3224
52 2.3317
53 2.3409
54 2.3499
55 2.3588
56 2.3675
57 2.3761
58 2.3844
59 2.3925
60 2.4004
61 2.4081
62 2.4155
63 2.4227
64 2.4297
65 2.4365
66 2.443
67 2.4493
68 2.4553
69 2.4612
70 2.4668
71 2.4722
72 2.4774
73 2.4823
74 2.487
75 2.4915
76 2.4957
77 2.4997
78 2.5034
79 2.5068
80 2.51
81 2.5128
82 2.5154
83 2.5176
84 2.5195
85 2.5211
86 2.5224
87 2.5234
88 2.524
89 2.5244
90 2.5244
91 2.5242
92 2.5237
93 2.5229
94 2.522
95 2.5208
96 2.5195
97 2.5181
98 2.5165
99 2.5149
100 2.5132
101 2.5115
102 2.5098
103 2.5081
104 2.5065
105 2.505
106 2.5036
107 2.5023
108 2.5012
109 2.5002
110 2.4994
111 2.4987
112 2.4982
113 2.4979
114 2.4977
115 2.4977
116 2.4978
117 2.498
118 2.4983
119 2.4988
120 2.4992
121 2.4998
122 2.5003
123 2.5009
124 2.5015
125 2.502
126 2.5025
127 2.5029
128 2.5033
129 2.5036
130 2.5037
131 2.5038
132 2.5038
133 2.5037
134 2.5035
135 2.5032
136 2.5028
137 2.5023
138 2.5018
139 2.5012
140 2.5006
141 2.4999
142 2.4993
143 2.4986
144 2.498
145 2.4974
146 2.4968
147 2.4964
148 2.4959
149 2.4956
150 2.4954
151 2.4952
152 2.4951
153 2.4952
154 2.4953
155 2.4955
156 2.4958
157 2.4962
158 2.4967
159 2.4972
160 2.4978
161 2.4984
162 2.499
163 2.4996
164 2.5002
165 2.5008
166 2.5014
167 2.5019
168 2.5024
169 2.5028
170 2.5031
171 2.5034
172 2.5035
173 2.5036
174 2.5036
175 2.5036
176 2.5034
177 2.5032
178 2.5029
179 2.5025
180 2.5021
181 2.5017
182 2.5012
183 2.5007
184 2.5002
185 2.4997
186 2.4992
187 2.4988
188 2.4984
189 2.498
190 2.4977
191 2.4974
192 2.4972
193 2.4971
194 2.497
195 2.4971
196 2.4971
197 2.4973
198 2.4975
199 2.4977
200 2.498
201 2.4984
202 2.4988
203 2.4992
204 2.4996
205 2.5
206 2.5004
207 2.5008
208 2.5012
209 2.5015
210 2.5018
211 2.5021
212 2.5023
213 2.5024
214 2.5025
215 2.5026
216 2.5025
217 2.5025
218 2.5023
219 2.5021
220 2.5019
221 2.5016
222 2.5013
223 2.501
224 2.5007
225 2.5003
226 2.4999
227 2.4996
228 2.4993
229 2.499
230 2.4987
231 2.4984
232 2.4982
233 2.498
234 2.4979
235 2.4979
236 2.4978
237 2.4979
238 2.4979
239 2.4981
240 2.4982
241 2.4984
242 2.4987
243 2.4989
244 2.4992
245 2.4995
246 2.4998
247 2.5001
248 2.5004
249 2.5007
250 2.5009
251 2.5012
252 2.5014
253 2.5015
254 2.5017
255 2.5018
256 2.5018
257 2.5018
258 2.5018
259 2.5017
260 2.5016
261 2.5015
262 2.5013
263 2.5011
264 2.5009
265 2.5006
266 2.5004
267 2.5001
268 2.4999
269 2.4996
270 2.4994
271 2.4992
272 2.499
273 2.4988
274 2.4987
275 2.4986
276 2.4985
277 2.4985
278 2.4985
279 2.4985
280 2.4986
281 2.4987
282 2.4988
283 2.4989
284 2.4991
285 2.4993
286 2.4995
287 2.4997
288 2.4999
289 2.5001
290 2.5003
291 2.5005
292 2.5007
293 2.5009
294 2.501
295 2.5011
296 2.5012
297 2.5013
298 2.5013
299 2.5013
300 2.5013
301 2.5012
302 2.5011
303 2.501
304 2.5009
305 2.5007
306 2.5006
307 2.5004
308 2.5002
309 2.5
310 2.4998
311 2.4997
312 2.4995
313 2.4994
314 2.4992
315 2.4991
316 2.499
317 2.499
318 2.4989
319 2.4989
320 2.4989
321 2.4989
322 2.499
323 2.4991
324 2.4992
325 2.4993
326 2.4994
327 2.4996
328 2.4997
329 2.4999
330 2.5
331 2.5002
332 2.5003
333 2.5004
334 2.5006
335 2.5007
336 2.5008
337 2.5008
338 2.5009
339 2.5009
340 2.5009
341 2.5009
342 2.5009
343 2.5008
344 2.5008
345 2.5007
346 2.5006
347 2.5005
348 2.5004
349 2.5002
350 2.5001
351 2.5
352 2.4998
353 2.4997
354 2.4996
355 2.4995
356 2.4994
357 2.4993
358 2.4993
359 2.4992
360 2.4992
361 2.4992
362 2.4992
363 2.4993
364 2.4993
365 2.4994
366 2.4994
367 2.4995
368 2.4996
369 2.4997
370 2.4998
371 2.4999
372 2.5
373 2.5001
374 2.5003
375 2.5003
376 2.5004
377 2.5005
378 2.5006
379 2.5006
380 2.5006
381 2.5007
382 2.5007
383 2.5006
384 2.5006
385 2.5006
386 2.5005
387 2.5005
388 2.5004
389 2.5003
390 2.5002
391 2.5001
392 2.5
393 2.4999
394 2.4999
395 2.4998
396 2.4997
397 2.4996
398 2.4996
399 2.4995
400 2.4995
401 2.4995
402 2.4994
403 2.4994
404 2.4995
405 2.4995
406 2.4995
407 2.4996
408 2.4996
409 2.4997
410 2.4998
411 2.4998
412 2.4999
413 2.5
414 2.5001
415 2.5001
416 2.5002
417 2.5003
418 2.5003
419 2.5004
420 2.5004
421 2.5004
422 2.5005
423 2.5005
424 2.5005
425 2.5005
426 2.5004
427 2.5004
428 2.5004
429 2.5003
430 2.5003
431 2.5002
432 2.5001
433 2.5001
434 2.5
435 2.4999
436 2.4999
437 2.4998
438 2.4998
439 2.4997
440 2.4997
441 2.4996
442 2.4996
443 2.4996
444 2.4996
445 2.4996
446 2.4996
447 2.4996
448 2.4997
449 2.4997
450 2.4997
451 2.4998
452 2.4998
453 2.4999
454 2.5
455 2.5
456 2.5001
457 2.5001
458 2.5002
459 2.5002
460 2.5002
461 2.5003
462 2.5003
463 2.5003
464 2.5003
465 2.5003
466 2.5003
467 2.5003
468 2.5003
469 2.5003
470 2.5002
471 2.5002
472 2.5002
473 2.5001
474 2.5001
475 2.5
476 2.5
477 2.4999
478 2.4999
479 2.4999
480 2.4998
481 2.4998
482 2.4998
483 2.4997
484 2.4997
485 2.4997
486 2.4997
487 2.4997
488 2.4997
489 2.4998
490 2.4998
491 2.4998
492 2.4998
493 2.4999
494 2.4999
495 2.4999
496 2.5
497 2.5
498 2.5001
499 2.5001
500 2.5001
501 2.5002
502 2.5002
503 2.5002
504 2.5002
505 2.5002
506 2.5002
507 2.5002
508 2.5002
509 2.5002
510 2.5002
511 2.5002
512 2.5002
513 2.5001
514 2.5001
515 2.5001
516 2.5
517 2.5
518 2.5
519 2.4999
520 2.4999
521 2.4999
522 2.4999
523 2.4998
524 2.4998
525 2.4998
526 2.4998
527 2.4998
528 2.4998
529 2.4998
530 2.4998
531 2.4998
532 2.4998
533 2.4999
534 2.4999
535 2.4999
536 2.4999
537 2.5
538 2.5
539 2.5
540 2.5001
541 2.5001
542 2.5001
543 2.5001
544 2.5001
545 2.5002
546 2.5002
547 2.5002
548 2.5002
549 2.5002
550 2.5002
551 2.5002
552 2.5001
553 2.5001
554 2.5001
555 2.5001
556 2.5001
557 2.5
558 2.5
559 2.5
560 2.5
561 2.5
562 2.4999
563 2.4999
564 2.4999
565 2.4999
566 2.4999
567 2.4999
568 2.4999
569 2.4999
570 2.4999
571 2.4999
572 2.4999
573 2.4999
574 2.4999
575 2.4999
576 2.4999
577 2.4999
578 2.5
579 2.5
580 2.5
581 2.5
582 2.5
583 2.5001
584 2.5001
585 2.5001
586 2.5001
587 2.5001
588 2.5001
589 2.5001
590 2.5001
591 2.5001
592 2.5001
593 2.5001
594 2.5001
595 2.5001
596 2.5001
597 2.5001
598 2.5
599 2.5
600 2.5
601 2.5
602 2.5
603 2.5
604 2.4999
605 2.4999
606 2.4999
607 2.4999
608 2.4999
609 2.4999
610 2.4999
611 2.4999
612 2.4999
613 2.4999
614 2.4999
615 2.4999
616 2.4999
617 2.4999
618 2.5
619 2.5
620 2.5
621 2.5
622 2.5
623 2.5
624 2.5
625 2.5
626 2.5001
627 2.5001
628 2.5001
629 2.5001
630 2.5001
631 2.5001
632 2.5001
633 2.5001
634 2.5001
635 2.5001
636 2.5001
637 2.5001
638 2.5
639 2.5
640 2.5
641 2.5
642 2.5
643 2.5
644 2.5
645 2.5
646 2.5
647 2.4999
648 2.4999
649 2.4999
650 2.4999
651 2.4999
652 2.4999
653 2.4999
654 2.4999
655 2.4999
656 2.4999
657 2.4999
658 2.5
659 2.5
660 2.5
661 2.5
662 2.5
663 2.5
664 2.5
665 2.5
666 2.5
667 2.5
668 2.5
669 2.5
670 2.5001
671 2.5001
672 2.5001
673 2.5001
674 2.5001
675 2.5001
676 2.5001
677 2.5001
678 2.5
679 2.5
680 2.5
681 2.5
682 2.5
683 2.5
684 2.5
685 2.5
686 2.5
687 2.5
688 2.5
689 2.5
690 2.5
691 2.5
692 2.5
693 2.4999
694 2.4999
695 2.4999
696 2.5
697 2.5
698 2.5
699 2.5
700 2.5
701 2.5
702 2.5
703 2.5
704 2.5
705 2.5
706 2.5
707 2.5
708 2.5
709 2.5
710 2.5
711 2.5
712 2.5
713 2.5
714 2.5
715 2.5
716 2.5
717 2.5
718 2.5
719 2.5
720 2.5
721 2.5
722 2.5
723 2.5
724 2.5
725 2.5
726 2.5
727 2.5
728 2.5
729 2.5
730 2.5
731 2.5
732 2.5
733 2.5
734 2.5
735 2.5
736 2.5
737 2.5
738 2.5
739 2.5
740 2.5
741 2.5
742 2.5
743 2.5
744 2.5
745 2.5
746 2.5
747 2.5
748 2.5
749 2.5
750 2.5
751 2.5
752 2.5
753 2.5
754 2.5
755 2.5
756 2.5
757 2.5
758 2.5
759 2.5
760 2.5
761 2.5
762 2.5
763 2.5
764 2.5
765 2.5
766 2.5
767 2.5
768 2.5
769 2.5
770 2.5
771 2.5
772 2.5
773 2.5
774 2.5
775 2.5
776 2.5
777 2.5
778 2.5
779 2.5
780 2.5
781 2.5
782 2.5
783 2.5
784 2.5
785 2.5
786 2.5
787 2.5
788 2.5
789 2.5
790 2.5
791 2.5
792 2.5
793 2.5
794 2.5
795 2.5
796 2.5
797 2.5
798 2.5
799 2.5
800 2.5
801 2.5
802 2.5
803 2.5
804 2.5
805 2.5
806 2.5
807 2.5
808 2.5
809 2.5
810 2.5
811 2.5
812 2.5
813 2.5
814 2.5
815 2.5
816 2.5
817 2.5
818 2.5
819 2.5
820 2.5
821 2.5
822 2.5
823 2.5
824 2.5
825 2.5
826 2.5
827 2.5
828 2.5
829 2.5
830 2.5
831 2.5
832 2.5
833 2.5
834 2.5
835 2.5
836 2.5
837 2.5
838 2.5
839 2.5
840 2.5
841 2.5
842 2.5
843 2.5
844 2.5
845 2.5
846 2.5
847 2.5
848 2.5
849 2.5
850 2.5
851 2.5
852 2.5
853 2.5
854 2.5
855 2.5
856 2.5
857 2.5
858 2.5
859 2.5
860 2.5
861 2.5
862 2.5
863 2.5
864 2.5
865 2.5
866 2.5
867 2.5
868 2.5
869 2.5
870 2.5
871 2.5
872 2.5
873 2.5
874 2.5
875 2.5
876 2.5
877 2.5
878 2.5
879 2.5
880 2.5
881 2.5
882 2.5
883 2.5
884 2.5
885 2.5
886 2.5
887 2.5
888 2.5
889 2.5
890 2.5
891 2.5
892 2.5
893 2.5
894 2.5
895 2.5
896 2.5
897 2.5
898 2.5
899 2.5
900 2.5
901 2.5
902 2.5
903 2.5
904 2.5
905 2.5
906 2.5
907 2.5
908 2.5
909 2.5
910 2.5
911 2.5
912 2.5
913 2.5
914 2.5
915 2.5
916 2.5
917 2.5
918 2.5
919 2.5
920 2.5
921 2.5
922 2.5
923 2.5
924 2.5
925 2.5
926 2.5
927 2.5
928 2.5
929 2.5
930 2.5
931 2.5
932 2.5
933 2.5
934 2.5
935 2.5
936 2.5
937 2.5
938 2.5
939 2.5
940 2.5
941 2.5
942 2.5
943 2.5
944 2.5
945 2.5
946 2.5
947 2.5
948 2.5
949 2.5
950 2.5
951 2.5
952 2.5
953 2.5
954 2.5
955 2.5
956 2.5
957 2.5
958 2.5
959 2.5
960 2.5
961 2.5
962 2.5
963 2.5
964 2.5
965 2.5
966 2.5
967 2.5
968 2.5
969 2.5
970 2.5
971 2.5
972 2.5
973 2.5
974 2.5
975 2.5
976 2.5
977 2.5
978 2.5
979 2.5
980 2.5
981 2.5
982 2.5
983 2.5
984 2.5
985 2.5
986 2.5
987 2.5
988 2.5
989 2.5
990 2.5
991 2.5
992 2.5
993 2.5
994 2.5
995 2.5
996 2.5
997 2.5
998 2.5
999 2.5
1000 2.5
1001 2.5
1002 2.5
1003 2.5
1004 2.5
1005 2.5
1006 2.5
1007 2.5
1008 2.5
1009 2.5
1010 2.5
1011 2.4998
1012 2.4995
1013 2.4992
1014 2.4988
1015 2.4981
1016 2.4972
1017 2.496
1018 2.4943
1019 2.4922
1020 2.4896
1021 2.4866
1022 2.483
1023 2.4789
1024 2.4743
1025 2.4692
1026 2.4636
1027 2.4576
1028 2.4512
1029 2.4446
1030 2.4377
1031 2.4307
1032 2.4236
1033 2.4166
1034 2.4097
1035 2.403
1036 2.3967
1037 2.3907
1038 2.3853
1039 2.3803
1040 2.376
1041 2.3724
1042 2.3695
1043 2.3673
1044 2.3658
1045 2.365
1046 2.365
1047 2.3657
1048 2.367
1049 2.3689
1050 2.3713
1051 2.3742
1052 2.3775
1053 2.381
1054 2.3848
1055 2.3887
1056 2.3926
1057 2.3964
1058 2.4001
1059 2.4036
1060 2.4068
1061 2.4096
1062 2.412
1063 2.4139
1064 2.4154
1065 2.4164
1066 2.4168
1067 2.4168
1068 2.4163
1069 2.4153
1070 2.4138
1071 2.412
1072 2.4099
1073 2.4075
1074 2.405
1075 2.4022
1076 2.3995
1077 2.3967
1078 2.394
1079 2.3914
1080 2.3891
1081 2.387
1082 2.3852
1083 2.3837
1084 2.3827
1085 2.382
1086 2.3817
1087 2.3819
1088 2.3824
1089 2.3834
1090 2.3846
1091 2.3863
1092 2.3882
1093 2.3904
1094 2.3927
1095 2.3952
1096 2.3978
1097 2.4003
1098 2.4029
1099 2.4053
1100 2.4077
1101 2.4098
1102 2.4116
1103 2.4132
1104 2.4145
1105 2.4154
1106 2.416
1107 2.4162
1108 2.4161
1109 2.4156
1110 2.4148
1111 2.4137
1112 2.4122
1113 2.4106
1114 2.4087
1115 2.4067
1116 2.4046
1117 2.4024
1118 2.4002
1119 2.398
1120 2.3959
1121 2.394
1122 2.3922
1123 2.3906
1124 2.3893
1125 2.3882
1126 2.3875
1127 2.387
1128 2.3868
1129 2.3869
1130 2.3874
1131 2.3881
1132 2.389
1133 2.3902
1134 2.3916
1135 2.3932
1136 2.3949
1137 2.3967
1138 2.3985
1139 2.4003
1140 2.4021
1141 2.4038
1142 2.4054
1143 2.4069
1144 2.4082
1145 2.4092
1146 2.4101
1147 2.4107
1148 2.411
1149 2.4111
1150 2.4109
1151 2.4105
1152 2.4099
1153 2.409
1154 2.408
1155 2.4068
1156 2.4054
1157 2.404
1158 2.4025
1159 2.4009
1160 2.3994
1161 2.3979
1162 2.3964
1163 2.3951
1164 2.3939
1165 2.3929
1166 2.392
1167 2.3913
1168 2.3909
1169 2.3906
1170 2.3906
1171 2.3908
1172 2.3911
1173 2.3917
1174 2.3925
1175 2.3934
1176 2.3944
1177 2.3956
1178 2.3968
1179 2.3981
1180 2.3994
1181 2.4007
1182 2.402
1183 2.4032
1184 2.4043
1185 2.4053
1186 2.4062
1187 2.4069
1188 2.4074
1189 2.4078
1190 2.4079
1191 2.4079
1192 2.4078
1193 2.4074
1194 2.4069
1195 2.4062
1196 2.4054
1197 2.4045
1198 2.4035
1199 2.4025
1200 2.4014
1201 2.4003
1202 2.3992
1203 2.3981
1204 2.3971
1205 2.3962
1206 2.3954
1207 2.3947
1208 2.3941
1209 2.3937
1210 2.3934
1211 2.3933
1212 2.3933
1213 2.3935
1214 2.3938
1215 2.3943
1216 2.3949
1217 2.3956
1218 2.3963
1219 2.3972
1220 2.3981
1221 2.399
1222 2.3999
1223 2.4009
1224 2.4017
1225 2.4026
1226 2.4033
1227 2.404
1228 2.4046
1229 2.405
1230 2.4054
1231 2.4056
1232 2.4057
1233 2.4056
1234 2.4054
1235 2.4051
1236 2.4047
1237 2.4042
1238 2.4036
1239 2.403
1240 2.4022
1241 2.4015
1242 2.4007
1243 2.3999
1244 2.3991
1245 2.3984
1246 2.3977
1247 2.3971
1248 2.3965
1249 2.3961
1250 2.3957
1251 2.3954
1252 2.3953
1253 2.3952
1254 2.3953
1255 2.3954
1256 2.3957
1257 2.3961
1258 2.3965
1259 2.397
1260 2.3976
1261 2.3982
1262 2.3989
1263 2.3995
1264 2.4002
1265 2.4008
1266 2.4015
1267 2.402
1268 2.4026
1269 2.403
1270 2.4034
1271 2.4037
1272 2.4039
1273 2.404
1274 2.404
1275 2.404
1276 2.4038
1277 2.4036
1278 2.4033
1279 2.4029
1280 2.4024
1281 2.4019
1282 2.4014
1283 2.4008
1284 2.4003
1285 2.3997
1286 2.3992
1287 2.3987
1288 2.3982
1289 2.3978
1290 2.3974
1291 2.3971
1292 2.3968
1293 2.3967
1294 2.3966
1295 2.3966
1296 2.3967
1297 2.3968
1298 2.397
1299 2.3973
1300 2.3976
1301 2.398
1302 2.3985
1303 2.3989
1304 2.3994
1305 2.3998
1306 2.4003
1307 2.4008
1308 2.4012
1309 2.4016
1310 2.402
1311 2.4023
1312 2.4025
1313 2.4027
1314 2.4028
1315 2.4029
1316 2.4029
1317 2.4028
1318 2.4027
1319 2.4025
1320 2.4022
1321 2.4019
1322 2.4016
1323 2.4012
1324 2.4009
1325 2.4005
1326 2.4001
1327 2.3997
1328 2.3993
1329 2.3989
1330 2.3986
1331 2.3983
1332 2.3981
1333 2.3979
1334 2.3977
1335 2.3976
1336 2.3976
1337 2.3976
1338 2.3977
1339 2.3978
1340 2.398
1341 2.3982
1342 2.3984
1343 2.3987
1344 2.399
1345 2.3993
1346 2.3997
1347 2.4
1348 2.4003
1349 2.4007
1350 2.401
1351 2.4012
1352 2.4015
1353 2.4017
1354 2.4018
1355 2.402
1356 2.402
1357 2.4021
1358 2.402
1359 2.402
1360 2.4018
1361 2.4017
1362 2.4015
1363 2.4013
1364 2.401
1365 2.4008
1366 2.4005
1367 2.4002
1368 2.3999
1369 2.3997
1370 2.3994
1371 2.3991
1372 2.3989
1373 2.3987
1374 2.3986
1375 2.3984
1376 2.3983
1377 2.3983
1378 2.3983
1379 2.3983
1380 2.3984
1381 2.3985
1382 2.3986
1383 2.3988
1384 2.3989
1385 2.3992
1386 2.3994
1387 2.3996
1388 2.3999
1389 2.4001
1390 2.4003
1391 2.4006
1392 2.4008
1393 2.4009
1394 2.4011
1395 2.4012
1396 2.4013
1397 2.4014
1398 2.4015
1399 2.4015
1400 2.4014
1401 2.4014
1402 2.4013
1403 2.4012
1404 2.401
1405 2.4009
1406 2.4007
1407 2.4005
1408 2.4003
1409 2.4001
1410 2.3999
1411 2.3997
1412 2.3995
1413 2.3993
1414 2.3992
1415 2.399
1416 2.3989
1417 2.3989
1418 2.3988
1419 2.3988
1420 2.3988
1421 2.3988
1422 2.3989
1423 2.3989
1424 2.399
1425 2.3992
1426 2.3993
1427 2.3995
1428 2.3996
1429 2.3998
1430 2.4
1431 2.4001
1432 2.4003
1433 2.4004
1434 2.4006
1435 2.4007
1436 2.4008
1437 2.4009
1438 2.401
1439 2.401
1440 2.401
1441 2.401
1442 2.401
1443 2.401
1444 2.4009
1445 2.4008
1446 2.4007
1447 2.4006
1448 2.4004
1449 2.4003
1450 2.4002
1451 2.4
1452 2.3999
1453 2.3997
1454 2.3996
1455 2.3995
1456 2.3994
1457 2.3993
1458 2.3992
1459 2.3992
1460 2.3991
1461 2.3991
1462 2.3991
1463 2.3992
1464 2.3992
1465 2.3993
1466 2.3993
1467 2.3994
1468 2.3995
1469 2.3997
1470 2.3998
1471 2.3999
1472 2.4
1473 2.4001
1474 2.4003
1475 2.4004
1476 2.4005
1477 2.4005
1478 2.4006
1479 2.4007
1480 2.4007
1481 2.4007
1482 2.4007
1483 2.4007
1484 2.4007
1485 2.4007
1486 2.4006
1487 2.4005
1488 2.4005
1489 2.4004
1490 2.4003
1491 2.4002
1492 2.4001
1493 2.4
1494 2.3999
1495 2.3998
1496 2.3997
1497 2.3996
1498 2.3995
1499 2.3995
1500 2.3994
1501 2.3994
1502 2.3994
1503 2.3994
1504 2.3994
1505 2.3994
1506 2.3994
1507 2.3995
1508 2.3996
1509 2.3996
1510 2.3997
1511 2.3996
1512 2.3994
1513 2.3991
1514 2.3983
1515 2.3968
1516 2.3944
1517 2.3908
1518 2.3859
1519 2.3796
1520 2.3718
1521 2.3626
1522 2.3522
1523 2.3409
1524 2.3288
1525 2.316
1526 2.3027
1527 2.2891
1528 2.2752
1529 2.2611
1530 2.2469
1531 2.2326
1532 2.2184
1533 2.2044
1534 2.1904
1535 2.1767
1536 2.1631
1537 2.1498
1538 2.1368
1539 2.1241
1540 2.1117
1541 2.0996
1542 2.0878
1543 2.0764
1544 2.0654
1545 2.0547
1546 2.0443
1547 2.0343
1548 2.0246
1549 2.0153
1550 2.0063
1551 1.9977
1552 1.9894
1553 1.9814
1554 1.9737
1555 1.9663
1556 1.9592
1557 1.9525
1558 1.946
1559 1.9397
1560 1.9338
1561 1.9281
1562 1.9226
1563 1.9174
1564 1.9124
1565 1.9076
1566 1.9031
1567 1.8987
1568 1.8946
1569 1.8906
1570 1.8869
1571 1.8833
1572 1.8799
1573 1.8766
1574 1.8735
1575 1.8705
1576 1.8677
1577 1.865
1578 1.8625
1579 1.86
1580 1.8577
1581 1.8555
1582 1.8534
1583 1.8515
1584 1.8496
1585 1.8479
1586 1.8463
1587 1.8448
1588 1.8434
1589 1.8421
1590 1.841
1591 1.8401
1592 1.8392
1593 1.8385
1594 1.838
1595 1.8376
1596 1.8373
1597 1.8372
1598 1.8372
1599 1.8373
1600 1.8376
1601 1.838
1602 1.8385
1603 1.839
1604 1.8397
1605 1.8405
1606 1.8413
1607 1.8421
1608 1.843
1609 1.8439
1610 1.8448
1611 1.8457
1612 1.8465
1613 1.8473
1614 1.8481
1615 1.8488
1616 1.8495
1617 1.85
1618 1.8505
1619 1.8509
1620 1.8513
1621 1.8515
1622 1.8517
1623 1.8517
1624 1.8517
1625 1.8517
1626 1.8515
1627 1.8513
1628 1.8511
1629 1.8508
1630 1.8505
1631 1.8502
1632 1.8499
1633 1.8496
1634 1.8493
1635 1.849
1636 1.8488
1637 1.8486
1638 1.8484
1639 1.8483
1640 1.8482
1641 1.8482
1642 1.8482
1643 1.8483
1644 1.8484
1645 1.8486
1646 1.8488
1647 1.8491
1648 1.8494
1649 1.8497
1650 1.85
1651 1.8503
1652 1.8506
1653 1.8509
1654 1.8512
1655 1.8515
1656 1.8517
1657 1.852
1658 1.8521
1659 1.8523
1660 1.8523
1661 1.8524
1662 1.8524
1663 1.8523
1664 1.8522
1665 1.8521
1666 1.8519
1667 1.8516
1668 1.8514
1669 1.8511
1670 1.8508
1671 1.8505
1672 1.8502
1673 1.8499
1674 1.8496
1675 1.8493
1676 1.8491
1677 1.8488
1678 1.8486
1679 1.8484
1680 1.8483
1681 1.8482
1682 1.8482
1683 1.8482
1684 1.8482
1685 1.8483
1686 1.8484
1687 1.8485
1688 1.8487
1689 1.8489
1690 1.8491
1691 1.8494
1692 1.8496
1693 1.8499
1694 1.8501
1695 1.8503
1696 1.8506
1697 1.8508
1698 1.851
1699 1.8511
1700 1.8513
1701 1.8514
1702 1.8514
1703 1.8515
1704 1.8515
1705 1.8514
1706 1.8514
1707 1.8513
1708 1.8512
1709 1.851
1710 1.8508
1711 1.8506
1712 1.8504
1713 1.8502
1714 1.85
1715 1.8498
1716 1.8496
1717 1.8494
1718 1.8493
1719 1.8491
1720 1.849
1721 1.8489
1722 1.8488
1723 1.8487
1724 1.8487
1725 1.8487
1726 1.8488
1727 1.8488
1728 1.8489
1729 1.849
1730 1.8492
1731 1.8493
1732 1.8495
1733 1.8496
1734 1.8498
1735 1.85
1736 1.8502
1737 1.8503
1738 1.8505
1739 1.8506
1740 1.8508
1741 1.8509
1742 1.851
1743 1.851
1744 1.8511
1745 1.8511
1746 1.8511
1747 1.851
1748 1.851
1749 1.8509
1750 1.8508
1751 1.8507
1752 1.8506
1753 1.8504
1754 1.8503
1755 1.8501
1756 1.85
1757 1.8498
1758 1.8497
1759 1.8496
1760 1.8494
1761 1.8493
1762 1.8492
1763 1.8492
1764 1.8491
1765 1.8491
1766 1.8491
1767 1.8491
1768 1.8491
1769 1.8492
1770 1.8493
1771 1.8493
1772 1.8494
1773 1.8495
1774 1.8497
1775 1.8498
1776 1.8499
1777 1.85
1778 1.8502
1779 1.8503
1780 1.8504
1781 1.8505
1782 1.8506
1783 1.8507
1784 1.8507
1785 1.8507
1786 1.8508
1787 1.8508
1788 1.8508
1789 1.8507
1790 1.8507
1791 1.8506
1792 1.8505
1793 1.8505
1794 1.8504
1795 1.8503
1796 1.8502
1797 1.85
1798 1.8499
1799 1.8498
1800 1.8497
1801 1.8497
1802 1.8496
1803 1.8495
1804 1.8494
1805 1.8494
1806 1.8494
1807 1.8494
1808 1.8494
1809 1.8494
1810 1.8494
1811 1.8494
1812 1.8495
1813 1.8496
1814 1.8496
1815 1.8497
1816 1.8498
1817 1.8499
1818 1.85
1819 1.8501
1820 1.8502
1821 1.8502
1822 1.8503
1823 1.8504
1824 1.8504
1825 1.8505
1826 1.8505
1827 1.8505
1828 1.8505
1829 1.8505
1830 1.8505
1831 1.8505
1832 1.8505
1833 1.8504
1834 1.8504
1835 1.8503
1836 1.8502
1837 1.8502
1838 1.8501
1839 1.85
1840 1.8499
1841 1.8499
1842 1.8498
1843 1.8497
1844 1.8497
1845 1.8496
1846 1.8496
1847 1.8496
1848 1.8495
1849 1.8495
1850 1.8495
1851 1.8496
1852 1.8496
1853 1.8496
1854 1.8497
1855 1.8497
1856 1.8498
1857 1.8498
1858 1.8499
1859 1.8499
1860 1.85
1861 1.8501
1862 1.8501
1863 1.8502
1864 1.8502
1865 1.8503
1866 1.8503
1867 1.8504
1868 1.8504
1869 1.8504
1870 1.8504
1871 1.8504
1872 1.8504
1873 1.8504
1874 1.8503
1875 1.8503
1876 1.8502
1877 1.8502
1878 1.8501
1879 1.8501
1880 1.85
1881 1.85
1882 1.8499
1883 1.8499
1884 1.8498
1885 1.8498
1886 1.8498
1887 1.8497
1888 1.8497
1889 1.8497
1890 1.8497
1891 1.8497
1892 1.8497
1893 1.8497
1894 1.8497
1895 1.8497
1896 1.8498
1897 1.8498
1898 1.8498
1899 1.8499
1900 1.8499
1901 1.85
1902 1.85
1903 1.8501
1904 1.8501
1905 1.8501
1906 1.8502
1907 1.8502
1908 1.8502
1909 1.8503
1910 1.8503
1911 1.8503
1912 1.8503
1913 1.8503
1914 1.8503
1915 1.8502
1916 1.8502
1917 1.8502
1918 1.8502
1919 1.8501
1920 1.8501
1921 1.8501
1922 1.85
1923 1.85
1924 1.8499
1925 1.8499
1926 1.8499
1927 1.8498
1928 1.8498
1929 1.8498
1930 1.8498
1931 1.8498
1932 1.8498
1933 1.8498
1934 1.8498
1935 1.8498
1936 1.8498
1937 1.8498
1938 1.8498
1939 1.8499
1940 1.8499
1941 1.8499
1942 1.85
1943 1.85
1944 1.85
1945 1.8501
1946 1.8501
1947 1.8501
1948 1.8501
1949 1.8502
1950 1.8502
1951 1.8502
1952 1.8502
1953 1.8502
1954 1.8502
1955 1.8502
1956 1.8502
1957 1.8502
1958 1.8502
1959 1.8501
1960 1.8501
1961 1.8501
1962 1.8501
1963 1.85
1964 1.85
1965 1.85
1966 1.8499
1967 1.8499
1968 1.8499
1969 1.8499
1970 1.8499
1971 1.8499
1972 1.8498
1973 1.8498
1974 1.8498
1975 1.8498
1976 1.8498
1977 1.8498
1978 1.8499
1979 1.8499
1980 1.8499
1981 1.8499
1982 1.8499
1983 1.85
1984 1.85
1985 1.85
1986 1.85
1987 1.85
1988 1.8501
1989 1.8501
1990 1.8501
1991 1.8501
1992 1.8501
1993 1.8501
1994 1.8501
1995 1.8501
1996 1.8501
1997 1.8501
1998 1.8501
1999 1.8501
2000 1.8501
2001 1.8501
2002 1.8501
2003 1.8501
2004 1.85
2005 1.85
2006 1.85
2007 1.85
2008 1.85
2009 1.8499
2010 1.8499
2011 1.8499
2012 1.8499
2013 1.8499
2014 1.8499
2015 1.8499
2016 1.8499
2017 1.8499
2018 1.8499
2019 1.8499
2020 1.8499
2021 1.8499
2022 1.8499
2023 1.8499
2024 1.85
2025 1.85
2026 1.85
2027 1.85
2028 1.85
2029 1.85
2030 1.8501
2031 1.8501
2032 1.8501
2033 1.8501
2034 1.8501
2035 1.8501
2036 1.8501
2037 1.8501
2038 1.8501
2039 1.8501
2040 1.8501
2041 1.8501
2042 1.8501
2043 1.8501
2044 1.85
2045 1.85
2046 1.85
2047 1.85
2048 1.85
2049 1.85
2050 1.85
2051 1.85
2052 1.8499
2053 1.8499
2054 1.8499
2055 1.8499
2056 1.8499
2057 1.8499
2058 1.8499
2059 1.8499
2060 1.8499
2061 1.8499
2062 1.8499
2063 1.8499
2064 1.85
2065 1.85
2066 1.85
2067 1.85
2068 1.85
2069 1.85
2070 1.85
2071 1.85
2072 1.85
2073 1.8501
2074 1.8501
2075 1.8501
2076 1.8501
2077 1.8501
2078 1.8501
2079 1.8501
2080 1.8501
2081 1.8501
2082 1.8501
2083 1.8501
2084 1.85
2085 1.85
2086 1.85
2087 1.85
2088 1.85
2089 1.85
2090 1.85
2091 1.85
2092 1.85
2093 1.85
2094 1.85
2095 1.85
2096 1.8499
2097 1.8499
2098 1.8499
2099 1.8499
2100 1.8499
2101 1.8499
2102 1.8499
2103 1.85
2104 1.85
2105 1.85
2106 1.85
2107 1.85
2108 1.85
2109 1.85
2110 1.85
2111 1.85
2112 1.85
2113 1.85
2114 1.85
2115 1.85
2116 1.85
2117 1.85
2118 1.85
2119 1.8501
2120 1.8501
2121 1.8501
2122 1.85
2123 1.85
2124 1.85
2125 1.85
2126 1.85
2127 1.85
2128 1.85
2129 1.85
2130 1.85
2131 1.85
2132 1.85
2133 1.85
2134 1.85
2135 1.85
2136 1.85
2137 1.85
2138 1.85
2139 1.85
2140 1.85
2141 1.85
2142 1.85
2143 1.85
2144 1.85
2145 1.85
2146 1.85
2147 1.85
2148 1.85
2149 1.85
2150 1.85
2151 1.85
2152 1.85
2153 1.85
2154 1.85
2155 1.85
2156 1.85
2157 1.85
2158 1.85
2159 1.85
2160 1.85
2161 1.85
2162 1.85
2163 1.85
2164 1.85
2165 1.85
2166 1.85
2167 1.85
2168 1.85
2169 1.85
2170 1.85
2171 1.85
2172 1.85
2173 1.85
2174 1.85
2175 1.85
2176 1.85
2177 1.85
2178 1.85
2179 1.85
2180 1.85
2181 1.85
2182 1.85
2183 1.85
2184 1.85
2185 1.85
2186 1.85
2187 1.85
2188 1.85
2189 1.85
2190 1.85
2191 1.85
2192 1.85
2193 1.85
2194 1.85
2195 1.85
2196 1.85
2197 1.85
2198 1.85
2199 1.85
2200 1.85
2201 1.85
2202 1.85
2203 1.85
2204 1.85
2205 1.85
2206 1.85
2207 1.85
2208 1.85
2209 1.85
2210 1.85
2211 1.8502
2212 1.8505
2213 1.8509
2214 1.8518
2215 1.8534
2216 1.8559
2217 1.8595
2218 1.8645
2219 1.8709
2220 1.8789
2221 1.8885
2222 1.8998
2223 1.9126
2224 1.9266
2225 1.9416
2226 1.9575
2227 1.974
2228 1.9909
2229 2.0083
2230 2.0259
2231 2.0436
2232 2.0613
2233 2.0788
2234 2.0961
2235 2.1129
2236 2.1293
2237 2.145
2238 2.1601
2239 2.1744
2240 2.1879
2241 2.2005
2242 2.2122
2243 2.2229
2244 2.2327
2245 2.2414
2246 2.2491
2247 2.2559
2248 2.2617
2249 2.2666
2250 2.2705
2251 2.2737
2252 2.276
2253 2.2776
2254 2.2786
2255 2.2789
2256 2.2788
2257 2.2783
2258 2.2773
2259 2.2761
2260 2.2747
2261 2.2732
2262 2.2716
2263 2.27
2264 2.2684
2265 2.2669
2266 2.2655
2267 2.2643
2268 2.2632
2269 2.2624
2270 2.2618
2271 2.2613
2272 2.2611
2273 2.2611
2274 2.2612
2275 2.2615
2276 2.2619
2277 2.2624
2278 2.2629
2279 2.2635
2280 2.264
2281 2.2646
2282 2.265
2283 2.2654
2284 2.2656
2285 2.2656
2286 2.2655
2287 2.2652
2288 2.2648
2289 2.2641
2290 2.2632
2291 2.2622
2292 2.261
2293 2.2596
2294 2.2581
2295 2.2565
2296 2.2548
2297 2.2531
2298 2.2514
2299 2.2496
2300 2.2479
2301 2.2463
2302 2.2448
2303 2.2434
2304 2.2421
2305 2.2411
2306 2.2402
2307 2.2395
2308 2.2391
2309 2.2389
2310 2.2389
2311 2.2391
2312 2.2395
2313 2.2401
2314 2.2409
2315 2.2419
2316 2.243
2317 2.2442
2318 2.2454
2319 2.2468
2320 2.2481
2321 2.2494
2322 2.2507
2323 2.2519
2324 2.2531
2325 2.2541
2326 2.255
2327 2.2557
2328 2.2563
2329 2.2567
2330 2.2569
2331 2.257
2332 2.2569
2333 2.2566
2334 2.2561
2335 2.2555
2336 2.2548
2337 2.254
2338 2.2531
2339 2.2521
2340 2.2511
2341 2.2501
2342 2.2491
2343 2.2481
2344 2.2472
2345 2.2464
2346 2.2456
2347 2.245
2348 2.2445
2349 2.2441
2350 2.2438
2351 2.2438
2352 2.2438
2353 2.244
2354 2.2443
2355 2.2448
2356 2.2453
2357 2.246
2358 2.2467
2359 2.2476
2360 2.2484
2361 2.2493
2362 2.2502
2363 2.251
2364 2.2519
2365 2.2527
2366 2.2534
2367 2.254
2368 2.2545
2369 2.2549
2370 2.2552
2371 2.2554
2372 2.2555
2373 2.2554
2374 2.2552
2375 2.2549
2376 2.2545
2377 2.254
2378 2.2534
2379 2.2528
2380 2.2521
2381 2.2514
2382 2.2506
2383 2.2499
2384 2.2491
2385 2.2484
2386 2.2478
2387 2.2472
2388 2.2466
2389 2.2462
2390 2.2459
2391 2.2456
2392 2.2455
2393 2.2454
2394 2.2455
2395 2.2457
2396 2.2459
2397 2.2463
2398 2.2467
2399 2.2472
2400 2.2478
2401 2.2484
2402 2.249
2403 2.2496
2404 2.2502
2405 2.2509
2406 2.2514
2407 2.252
2408 2.2525
2409 2.2529
2410 2.2533
2411 2.2535
2412 2.2537
2413 2.2538
2414 2.2538
2415 2.2538
2416 2.2536
2417 2.2534
2418 2.2531
2419 2.2527
2420 2.2523
2421 2.2518
2422 2.2513
2423 2.2508
2424 2.2502
2425 2.2497
2426 2.2492
2427 2.2487
2428 2.2482
2429 2.2478
2430 2.2475
2431 2.2472
2432 2.247
2433 2.2468
2434 2.2468
2435 2.2468
2436 2.2468
2437 2.247
2438 2.2472
2439 2.2475
2440 2.2478
2441 2.2482
2442 2.2486
2443 2.249
2444 2.2494
2445 2.2499
2446 2.2503
2447 2.2508
2448 2.2512
2449 2.2516
2450 2.2519
2451 2.2522
2452 2.2524
2453 2.2526
2454 2.2527
2455 2.2527
2456 2.2527
2457 2.2527
2458 2.2525
2459 2.2523
2460 2.2521
2461 2.2518
2462 2.2515
2463 2.2511
2464 2.2508
2465 2.2504
2466 2.25
2467 2.2496
2468 2.2493
2469 2.2489
2470 2.2486
2471 2.2484
2472 2.2481
2473 2.2479
2474 2.2478
2475 2.2477
2476 2.2477
2477 2.2477
2478 2.2478
2479 2.2479
2480 2.2481
2481 2.2483
2482 2.2485
2483 2.2488
2484 2.2491
2485 2.2494
2486 2.2497
2487 2.25
2488 2.2504
2489 2.2507
2490 2.2509
2491 2.2512
2492 2.2514
2493 2.2516
2494 2.2518
2495 2.2519
2496 2.2519
2497 2.252
2498 2.2519
2499 2.2519
2500 2.2517
2501 2.2516
2502 2.2514
2503 2.2512
2504 2.251
2505 2.2507
2506 2.2505
2507 2.2502
2508 2.2499
2509 2.2496
2510 2.2494
2511 2.2492
2512 2.249
2513 2.2488
2514 2.2486
2515 2.2485
2516 2.2484
2517 2.2484
2518 2.2484
2519 2.2484
2520 2.2484
2521 2.2485
2522 2.2487
2523 2.2488
2524 2.249
2525 2.2492
2526 2.2494
2527 2.2497
2528 2.2499
2529 2.2501
2530 2.2503
2531 2.2505
2532 2.2507
2533 2.2509
2534 2.2511
2535 2.2512
2536 2.2513
2537 2.2514
2538 2.2514
2539 2.2514
2540 2.2514
2541 2.2513
2542 2.2512
2543 2.2511
2544 2.251
2545 2.2508
2546 2.2506
2547 2.2504
2548 2.2503
2549 2.2501
2550 2.2499
2551 2.2497
2552 2.2495
2553 2.2493
2554 2.2492
2555 2.2491
2556 2.249
2557 2.2489
2558 2.2488
2559 2.2488
2560 2.2488
2561 2.2489
2562 2.2489
2563 2.249
2564 2.2491
2565 2.2492
2566 2.2493
2567 2.2495
2568 2.2497
2569 2.2498
2570 2.25
2571 2.2501
2572 2.2503
2573 2.2504
2574 2.2506
2575 2.2507
2576 2.2508
2577 2.2509
2578 2.2509
2579 2.251
2580 2.251
2581 2.251
2582 2.251
2583 2.2509
2584 2.2508
2585 2.2507
2586 2.2506
2587 2.2505
2588 2.2504
2589 2.2503
2590 2.2501
2591 2.25
2592 2.2499
2593 2.2497
2594 2.2496
2595 2.2495
2596 2.2494
2597 2.2493
2598 2.2492
2599 2.2492
2600 2.2492
2601 2.2492
2602 2.2492
2603 2.2492
2604 2.2492
2605 2.2493
2606 2.2494
2607 2.2495
2608 2.2496
2609 2.2497
2610 2.2498
2611 2.2499
2612 2.25
2613 2.2501
2614 2.2502
2615 2.2504
2616 2.2504
2617 2.2505
2618 2.2506
2619 2.2506
2620 2.2507
2621 2.2507
2622 2.2507
2623 2.2507
2624 2.2507
2625 2.2506
2626 2.2506
2627 2.2505
2628 2.2504
2629 2.2503
2630 2.2503
2631 2.2502
2632 2.2501
2633 2.25
2634 2.2499
2635 2.2498
2636 2.2497
2637 2.2496
2638 2.2495
2639 2.2495
2640 2.2495
2641 2.2494
2642 2.2494
2643 2.2494
2644 2.2494
2645 2.2494
2646 2.2495
2647 2.2495
2648 2.2496
2649 2.2497
2650 2.2497
2651 2.2498
2652 2.2499
2653 2.25
2654 2.25
2655 2.2501
2656 2.2502
2657 2.2503
2658 2.2503
2659 2.2504
2660 2.2504
2661 2.2505
2662 2.2505
2663 2.2505
2664 2.2505
2665 2.2505
2666 2.2505
2667 2.2504
2668 2.2504
2669 2.2503
2670 2.2503
2671 2.2502
2672 2.2502
2673 2.2501
2674 2.25
2675 2.2499
2676 2.2499
2677 2.2498
2678 2.2498
2679 2.2497
2680 2.2497
2681 2.2496
2682 2.2496
2683 2.2496
2684 2.2496
2685 2.2496
2686 2.2496
2687 2.2496
2688 2.2496
2689 2.2497
2690 2.2497
2691 2.2498
2692 2.2498
2693 2.2499
2694 2.2499
2695 2.25
2696 2.2501
2697 2.2501
2698 2.2502
2699 2.2502
2700 2.2503
2701 2.2503
2702 2.2503
2703 2.2503
2704 2.2504
2705 2.2504
2706 2.2504
2707 2.2503
2708 2.2503
2709 2.2503
2710 2.2503
2711 2.2502
2712 2.2502
2713 2.2501
2714 2.2501
2715 2.25
2716 2.25
2717 2.2499
2718 2.2499
2719 2.2499
2720 2.2498
2721 2.2498
2722 2.2497
2723 2.2497
2724 2.2497
2725 2.2497
2726 2.2497
2727 2.2497
2728 2.2497
2729 2.2497
2730 2.2498
2731 2.2498
2732 2.2498
2733 2.2498
2734 2.2499
2735 2.2499
2736 2.25
2737 2.25
2738 2.2501
2739 2.2501
2740 2.2501
2741 2.2502
2742 2.2502
2743 2.2502
2744 2.2502
2745 2.2502
2746 2.2503
2747 2.2503
2748 2.2503
2749 2.2502
2750 2.2502
2751 2.2502
2752 2.2502
2753 2.2502
2754 2.2501
2755 2.2501
2756 2.2501
2757 2.25
2758 2.25
2759 2.2499
2760 2.2499
2761 2.2499
2762 2.2499
2763 2.2498
2764 2.2498
2765 2.2498
2766 2.2498
2767 2.2498
2768 2.2498
2769 2.2498
2770 2.2498
2771 2.2498
2772 2.2498
2773 2.2499
2774 2.2499
2775 2.2499
2776 2.2499
2777 2.25
2778 2.25
2779 2.25
2780 2.25
2781 2.2501
2782 2.2501
2783 2.2501
2784 2.2501
2785 2.2502
2786 2.2502
2787 2.2502
2788 2.2502
2789 2.2502
2790 2.2502
2791 2.2502
2792 2.2502
2793 2.2501
2794 2.2501
2795 2.2501
2796 2.2501
2797 2.2501
2798 2.25
2799 2.25
2800 2.25
2801 2.25
2802 2.2499
2803 2.2499
2804 2.2499
2805 2.2499
2806 2.2499
2807 2.2499
2808 2.2498
2809 2.2498
2810 2.2498
2811 2.2499
2812 2.2499
2813 2.2499
2814 2.2499
2815 2.2499
2816 2.2499
2817 2.2499
2818 2.25
2819 2.25
2820 2.25
2821 2.25
2822 2.25
2823 2.2501
2824 2.2501
2825 2.2501
2826 2.2501
2827 2.2501
2828 2.2501
2829 2.2501
2830 2.2501
2831 2.2501
2832 2.2501
2833 2.2501
2834 2.2501
2835 2.2501
2836 2.2501
2837 2.2501
2838 2.25
2839 2.25
2840 2.25
2841 2.25
2842 2.25
2843 2.25
2844 2.2499
2845 2.2499
2846 2.2499
2847 2.2499
2848 2.2499
2849 2.2499
2850 2.2499
2851 2.2499
2852 2.2499
2853 2.2499
2854 2.2499
2855 2.2499
2856 2.2499
2857 2.2499
2858 2.2499
2859 2.25
2860 2.25
2861 2.25
2862 2.25
2863 2.25
2864 2.25
2865 2.25
2866 2.2501
2867 2.2501
2868 2.2501
2869 2.2501
2870 2.2501
2871 2.2501
2872 2.2501
2873 2.2501
2874 2.2501
2875 2.2501
2876 2.2501
2877 2.2501
2878 2.2501
2879 2.25
2880 2.25
2881 2.25
2882 2.25
2883 2.25
2884 2.25
2885 2.25
2886 2.25
2887 2.2499
2888 2.2499
2889 2.2499
2890 2.2499
2891 2.2499
2892 2.2499
2893 2.2499
2894 2.2499
2895 2.2499
2896 2.2499
2897 2.2499
2898 2.2499
2899 2.25
2900 2.25
2901 2.25
2902 2.25
2903 2.25
2904 2.25
2905 2.25
2906 2.25
2907 2.25
2908 2.25
2909 2.2501
2910 2.2501
2911 2.2501
2912 2.2501
2913 2.2501
2914 2.2501
2915 2.2501
2916 2.2501
2917 2.2501
2918 2.2501
2919 2.25
2920 2.25
2921 2.25
2922 2.25
2923 2.25
2924 2.25
2925 2.25
2926 2.25
2927 2.25
2928 2.25
2929 2.25
2930 2.25
2931 2.25
2932 2.2499
2933 2.2499
2934 2.2499
2935 2.2499
2936 2.2499
2937 2.2499
2938 2.25
2939 2.25
2940 2.25
2941 2.25
2942 2.25
2943 2.25
2944 2.25
2945 2.25
2946 2.25
2947 2.25
2948 2.25
2949 2.25
2950 2.25
2951 2.25
2952 2.25
2953 2.25
2954 2.25
2955 2.25
2956 2.25
2957 2.25
2958 2.25
2959 2.25
2960 2.25
2961 2.25
2962 2.25
2963 2.25
2964 2.25
2965 2.25
2966 2.25
2967 2.25
2968 2.25
2969 2.25
2970 2.25
2971 2.25
2972 2.25
2973 2.25
2974 2.25
2975 2.25
2976 2.25
2977 2.25
2978 2.25
2979 2.25
2980 2.25
2981 2.25
2982 2.25
2983 2.25
2984 2.25
2985 2.25
2986 2.25
2987 2.25
2988 2.25
2989 2.25
2990 2.25
2991 2.25
2992 2.25
2993 2.25
2994 2.25
2995 2.25
2996 2.25
2997 2.25
2998 2.25
2999 2.25
3000 2.25
