1 0
2 0
3 0
4 0
5 0
6 0
7 0
8 0
9 0
10 0
11 0
12 0
13 0
14 0
15 0
16 0
17 0
18 0
19 0
20 0
21 0.83949
22 1.3901
23 1.7118
24 1.8597
25 1.8817
26 1.818
27 1.7012
28 1.5563
29 1.4021
30 1.2515
31 1.1131
32 0.9918
33 0.88979
34 0.80727
35 0.74312
36 0.69542
37 0.6618
38 0.63978
39 0.62694
40 0.62108
41 0.62027
42 0.62289
43 0.62764
44 0.63351
45 0.63975
46 0.64583
47 0.65143
48 0.65633
49 0.66045
50 0.66379
51 0.66638
52 0.66831
53 0.66968
54 0.67057
55 0.6711
56 0.67135
57 0.67139
58 0.67129
59 0.6711
60 0.67087
61 0.67063
62 0.67039
63 0.67017
64 0.66997
65 0.66981
66 0.66968
67 0.66958
68 0.6695
69 0.66945
70 0.66941
71 0.66939
72 0.66938
73 0.66938
74 0.66939
75 0.6694
76 0.66941
77 0.66942
78 0.66943
79 0.66944
80 0.66945
81 0.66945
82 0.66946
83 0.66946
84 0.66947
85 0.66947
86 0.66947
87 0.66947
88 0.66947
89 0.66947
90 0.66947
91 0.66947
92 0.66947
93 0.66947
94 0.66947
95 0.66947
96 0.66947
97 0.66947
98 0.66947
99 0.66947
100 0.66947
101 0.66947
102 0.66947
103 0.66947
104 0.66947
105 0.66947
106 0.66947
107 0.66947
108 0.66947
109 0.66947
110 0.66947
111 0.66947
112 0.66947
113 0.66947
114 0.66947
115 0.66947
116 0.66947
117 0.66947
118 0.66946
119 0.66946
120 0.66944
121 0.66942
122 0.66941
123 0.66939
124 0.66937
125 0.66936
126 0.66936
127 0.66938
128 0.66941
129 0.66947
130 0.66957
131 0.6697
132 0.66987
133 0.67008
134 0.67034
135 0.67063
136 0.67096
137 0.67131
138 0.67164
139 0.67194
140 0.67219
141 0.67236
142 0.67235
143 0.67212
144 0.67169
145 0.67114
146 0.67051
147 0.66988
148 0.6693
149 0.6688
150 0.66841
151 0.66813
152 0.66796
153 0.6679
154 0.66792
155 0.66802
156 0.66816
157 0.66833
158 0.66851
159 0.6687
160 0.66888
161 0.66904
162 0.66919
163 0.66931
164 0.6694
165 0.66948
166 0.66953
167 0.66956
168 0.66958
169 0.66959
170 0.66959
171 0.66958
172 0.66957
173 0.66956
174 0.66954
175 0.66953
176 0.66951
177 0.6695
178 0.66949
179 0.66948
180 0.66948
181 0.66947
182 0.66947
183 0.66946
184 0.66946
185 0.66946
186 0.66946
187 0.66946
188 0.66946
189 0.66946
190 0.66947
191 0.66947
192 0.66947
193 0.66947
194 0.66947
195 0.66947
196 0.66947
197 0.66947
198 0.66947
199 0.66947
200 0.66947
