1 1.8147
1.01 1.8224
1.02 1.8301
1.03 1.8378
1.04 1.8455
1.05 1.8532
1.06 1.8609
1.07 1.8686
1.08 1.8763
1.09 1.8841
1.1 1.8918
1.11 1.8995
1.12 1.9072
1.13 1.9149
1.14 1.9226
1.15 1.9303
1.16 1.938
1.17 1.9457
1.18 1.9534
1.19 1.9611
1.2 1.9688
1.21 1.9765
1.22 1.9842
1.23 1.9919
1.24 1.9996
1.25 2.0073
1.26 2.0151
1.27 2.0228
1.28 2.0305
1.29 2.0382
1.3 2.0459
1.31 2.0536
1.32 2.0613
1.33 2.069
1.34 2.0767
1.35 2.0844
1.36 2.0921
1.37 2.0998
1.38 2.1075
1.39 2.1152
1.4 2.1229
1.41 2.1306
1.42 2.1384
1.43 2.1461
1.44 2.1538
1.45 2.1615
1.46 2.1692
1.47 2.1769
1.48 2.1846
1.49 2.1923
1.5 2.2
1.51 2.2077
1.52 2.2154
1.53 2.2231
1.54 2.2308
1.55 2.2385
1.56 2.2462
1.57 2.2539
1.58 2.2616
1.59 2.2694
1.6 2.2771
1.61 2.2848
1.62 2.2925
1.63 2.3002
1.64 2.3079
1.65 2.3156
1.66 2.3233
1.67 2.331
1.68 2.3387
1.69 2.3464
1.7 2.3541
1.71 2.3618
1.72 2.3695
1.73 2.3772
1.74 2.3849
1.75 2.3927
1.76 2.4004
1.77 2.4081
1.78 2.4158
1.79 2.4235
1.8 2.4312
1.81 2.4389
1.82 2.4466
1.83 2.4543
1.84 2.462
1.85 2.4697
1.86 2.4774
1.87 2.4851
1.88 2.4928
1.89 2.5005
1.9 2.5082
1.91 2.5159
1.92 2.5237
1.93 2.5314
1.94 2.5391
1.95 2.5468
1.96 2.5545
1.97 2.5622
1.98 2.5699
1.99 2.5776
2 2.5853
