1 1.5
2 1.5
3 1.5
4 1.5
5 1.5
6 1.5
7 1.5
8 1.5
9 1.5
10 1.5
11 1.5
12 1.5
13 1.5
14 1.5
15 1.5
16 1.5
17 1.5
18 1.5
19 1.5
20 1.5
21 1.6
22 1.5
23 1.5951
24 1.6902
25 1.7854
26 1.8805
27 1.9756
28 2
29 2
30 2
31 2
32 2
33 2
34 2
35 2
36 2
37 2
38 2
39 2
40 2
41 2
42 2
43 2
44 2
45 2
46 2
47 2
48 2
49 2
50 2
51 2
52 2
53 2
54 2
55 2
56 2
57 2
58 2
59 2
60 1.9993
61 1.9975
62 1.9948
63 1.9911
64 1.9865
65 1.9809
66 1.9745
67 1.9672
68 1.959
69 1.9501
70 1.9404
71 1.9302
72 1.9196
73 1.9087
74 1.8979
75 1.8872
76 1.8768
77 1.8669
78 1.8576
79 1.8491
80 1.8415
81 1.835
82 1.8296
83 1.8255
84 1.8227
85 1.8211
86 1.8209
87 1.8219
88 1.8242
89 1.8276
90 1.8321
91 1.8374
92 1.8436
93 1.8505
94 1.8578
95 1.8655
96 1.8733
97 1.8811
98 1.8887
99 1.8959
100 1.9027
101 1.9088
102 1.9142
103 1.9188
104 1.9224
105 1.9251
106 1.9268
107 1.9274
108 1.9271
109 1.9258
110 1.9236
111 1.9205
112 1.9167
113 1.9123
114 1.9073
115 1.902
116 1.8964
117 1.8907
118 1.885
119 1.8795
120 1.8743
121 1.8695
122 1.8651
123 1.8615
124 1.8584
125 1.8562
126 1.8547
127 1.854
128 1.8542
129 1.8552
130 1.8569
131 1.8593
132 1.8625
133 1.8661
134 1.8703
135 1.8748
136 1.8797
137 1.8846
138 1.8897
139 1.8946
140 1.8994
141 1.9039
142 1.908
143 1.9116
144 1.9147
145 1.9172
146 1.919
147 1.9201
148 1.9206
149 1.9203
150 1.9193
151 1.9177
152 1.9155
153 1.9128
154 1.9095
155 1.9059
156 1.902
157 1.8978
158 1.8935
159 1.8892
160 1.885
161 1.8809
162 1.8771
163 1.8737
164 1.8706
165 1.868
166 1.866
167 1.8645
168 1.8636
169 1.8632
170 1.8635
171 1.8644
172 1.8658
173 1.8677
174 1.8701
175 1.8728
176 1.8759
177 1.8792
178 1.8827
179 1.8863
180 1.8899
181 1.8935
182 1.8968
183 1.9
184 1.9028
185 1.9053
186 1.9074
187 1.909
188 1.9102
189 1.9109
190 1.911
191 1.9107
192 1.9099
193 1.9086
194 1.9069
195 1.9049
196 1.9025
197 1.8998
198 1.897
199 1.894
200 1.891
201 1.888
202 1.885
203 1.8822
204 1.8796
205 1.8773
206 1.8752
207 1.8735
208 1.8722
209 1.8713
210 1.8708
211 1.8708
212 1.8711
213 1.8719
214 1.873
215 1.8745
216 1.8763
217 1.8784
218 1.8807
219 1.8831
220 1.8856
221 1.8882
222 1.8907
223 1.8932
224 1.8956
225 1.8977
226 1.8997
227 1.9013
228 1.9027
229 1.9037
230 1.9044
231 1.9048
232 1.9048
233 1.9044
234 1.9037
235 1.9027
236 1.9014
237 1.8998
238 1.898
239 1.8961
240 1.894
241 1.8919
242 1.8897
243 1.8876
244 1.8855
245 1.8835
246 1.8817
247 1.8801
248 1.8788
249 1.8777
250 1.8768
251 1.8763
252 1.8761
253 1.8761
254 1.8765
255 1.8771
256 1.878
257 1.8792
258 1.8805
259 1.8821
260 1.8837
261 1.8855
262 1.8873
263 1.8891
264 1.8909
265 1.8927
266 1.8943
267 1.8958
268 1.8971
269 1.8982
270 1.8991
271 1.8998
272 1.9002
273 1.9003
274 1.9002
275 1.8999
276 1.8993
277 1.8985
278 1.8975
279 1.8963
280 1.895
281 1.8936
282 1.8921
283 1.8905
284 1.889
285 1.8875
286 1.886
287 1.8847
288 1.8835
289 1.8824
290 1.8815
291 1.8807
292 1.8802
293 1.8799
294 1.8798
295 1.88
296 1.8803
297 1.8808
298 1.8815
299 1.8824
300 1.8834
301 1.8845
302 1.8858
303 1.887
304 1.8883
305 1.8896
306 1.8909
307 1.8921
308 1.8932
309 1.8943
310 1.8952
311 1.8959
312 1.8965
313 1.8969
314 1.8971
315 1.8971
316 1.897
317 1.8967
318 1.8962
319 1.8956
320 1.8948
321 1.8939
322 1.893
323 1.8919
324 1.8909
325 1.8898
326 1.8887
327 1.8876
328 1.8866
329 1.8857
330 1.8848
331 1.8841
332 1.8835
333 1.883
334 1.8827
335 1.8826
336 1.8826
337 1.8827
338 1.883
339 1.8834
340 1.884
341 1.8846
342 1.8854
343 1.8862
344 1.8871
345 1.888
346 1.8889
347 1.8899
348 1.8907
349 1.8916
350 1.8924
351 1.8931
352 1.8937
353 1.8941
354 1.8945
355 1.8947
356 1.8949
357 1.8948
358 1.8947
359 1.8944
360 1.894
361 1.8936
362 1.893
363 1.8923
364 1.8916
365 1.8909
366 1.8901
367 1.8893
368 1.8885
369 1.8878
370 1.8871
371 1.8865
372 1.8859
373 1.8854
374 1.885
375 1.8847
376 1.8845
377 1.8845
378 1.8845
379 1.8846
380 1.8849
381 1.8852
382 1.8856
383 1.8861
384 1.8867
385 1.8873
386 1.8879
387 1.8886
388 1.8893
389 1.8899
390 1.8905
391 1.8911
392 1.8916
393 1.8921
394 1.8925
395 1.8928
396 1.8931
397 1.8932
398 1.8932
399 1.8932
400 1.8931
401 1.8928
402 1.8925
403 1.8922
404 1.8917
405 1.8913
406 1.8907
407 1.8902
408 1.8896
409 1.8891
410 1.8885
411 1.888
412 1.8875
413 1.8871
414 1.8867
415 1.8864
416 1.8861
417 1.886
418 1.8859
419 1.8858
420 1.8859
421 1.886
422 1.8862
423 1.8865
424 1.8868
425 1.8872
426 1.8876
427 1.888
428 1.8885
429 1.8889
430 1.8894
431 1.8899
432 1.8903
433 1.8907
434 1.8911
435 1.8914
436 1.8917
437 1.8919
438 1.892
439 1.8921
440 1.8921
441 1.892
442 1.8919
443 1.8917
444 1.8915
445 1.8912
446 1.8909
447 1.8905
448 1.8902
449 1.8898
450 1.8894
451 1.889
452 1.8886
453 1.8882
454 1.8879
455 1.8876
456 1.8873
457 1.8871
458 1.887
459 1.8869
460 1.8868
461 1.8868
462 1.8869
463 1.887
464 1.8871
465 1.8873
466 1.8876
467 1.8879
468 1.8882
469 1.8885
470 1.8888
471 1.8891
472 1.8895
473 1.8898
474 1.8901
475 1.8904
476 1.8906
477 1.8908
478 1.891
479 1.8911
480 1.8912
481 1.8913
482 1.8912
483 1.8912
484 1.8911
485 1.891
486 1.8908
487 1.8906
488 1.8903
489 1.8901
490 1.8898
491 1.8895
492 1.8892
493 1.8889
494 1.8887
495 1.8884
496 1.8882
497 1.888
498 1.8878
499 1.8877
500 1.8876
501 1.8875
502 1.8875
503 1.8875
504 1.8876
505 1.8877
506 1.8878
507 1.8879
508 1.8881
509 1.8883
510 1.8885
511 1.8888
512 1.889
513 1.8893
514 1.8895
515 1.8897
516 1.8899
517 1.8901
518 1.8903
519 1.8904
520 1.8905
521 1.8906
522 1.8907
523 1.8907
524 1.8907
525 1.8906
526 1.8905
527 1.8904
528 1.8903
529 1.8901
530 1.8899
531 1.8898
532 1.8896
533 1.8894
534 1.8892
535 1.889
536 1.8888
537 1.8886
538 1.8884
539 1.8883
540 1.8882
541 1.8881
542 1.888
543 1.888
544 1.888
545 1.888
546 1.8881
547 1.8881
548 1.8882
549 1.8884
550 1.8885
551 1.8886
552 1.8888
553 1.889
554 1.8891
555 1.8893
556 1.8895
557 1.8896
558 1.8898
559 1.8899
560 1.89
561 1.8901
562 1.8902
563 1.8902
564 1.8903
565 1.8903
566 1.8902
567 1.8902
568 1.8901
569 1.89
570 1.8899
571 1.8898
572 1.8897
573 1.8895
574 1.8894
575 1.8893
576 1.8891
577 1.889
578 1.8889
579 1.8887
580 1.8886
581 1.8885
582 1.8885
583 1.8884
584 1.8884
585 1.8883
586 1.8884
587 1.8884
588 1.8884
589 1.8885
590 1.8885
591 1.8886
592 1.8887
593 1.8888
594 1.889
595 1.8891
596 1.8892
597 1.8893
598 1.8894
599 1.8896
600 1.8897
601 1.8897
602 1.8898
603 1.8899
604 1.8899
605 1.8899
606 1.89
607 1.89
608 1.8899
609 1.8899
610 1.8898
611 1.8898
612 1.8897
613 1.8896
614 1.8895
615 1.8894
616 1.8893
617 1.8892
618 1.8891
619 1.889
620 1.8889
621 1.8888
622 1.8888
623 1.8887
624 1.8887
625 1.8886
626 1.8886
627 1.8886
628 1.8886
629 1.8886
630 1.8887
631 1.8887
632 1.8888
633 1.8888
634 1.8889
635 1.889
636 1.8891
637 1.8892
638 1.8892
639 1.8893
640 1.8894
641 1.8895
642 1.8896
643 1.8896
644 1.8897
645 1.8897
646 1.8897
647 1.8897
648 1.8897
649 1.8897
650 1.8897
651 1.8897
652 1.8896
653 1.8896
654 1.8895
655 1.8895
656 1.8894
657 1.8893
658 1.8893
659 1.8892
660 1.8891
661 1.8891
662 1.889
663 1.8889
664 1.8889
665 1.8888
666 1.8888
667 1.8888
668 1.8888
669 1.8888
670 1.8888
671 1.8888
672 1.8888
673 1.8889
674 1.8889
675 1.889
676 1.889
677 1.8891
678 1.8891
679 1.8892
680 1.8893
681 1.8893
682 1.8894
683 1.8894
684 1.8895
685 1.8895
686 1.8895
687 1.8896
688 1.8896
689 1.8896
690 1.8896
691 1.8896
692 1.8896
693 1.8895
694 1.8895
695 1.8895
696 1.8894
697 1.8894
698 1.8893
699 1.8893
700 1.8892
701 1.8892
702 1.8891
703 1.8891
704 1.889
705 1.889
706 1.889
707 1.8889
708 1.8889
709 1.8889
710 1.8889
711 1.8889
712 1.8889
713 1.8889
714 1.889
715 1.889
716 1.889
717 1.889
718 1.8891
719 1.8891
720 1.8892
721 1.8892
722 1.8893
723 1.8893
724 1.8893
725 1.8894
726 1.8894
727 1.8894
728 1.8895
729 1.8895
730 1.8895
731 1.8895
732 1.8895
733 1.8895
734 1.8895
735 1.8894
736 1.8894
737 1.8894
738 1.8894
739 1.8893
740 1.8893
741 1.8893
742 1.8892
743 1.8892
744 1.8891
745 1.8891
746 1.8891
747 1.8891
748 1.889
749 1.889
750 1.889
751 1.889
752 1.889
753 1.889
754 1.889
755 1.889
756 1.889
757 1.8891
758 1.8891
759 1.8891
760 1.8891
761 1.8892
762 1.8892
763 1.8892
764 1.8893
765 1.8893
766 1.8893
767 1.8893
768 1.8894
769 1.8894
770 1.8894
771 1.8894
772 1.8894
773 1.8894
774 1.8894
775 1.8894
776 1.8894
777 1.8894
778 1.8894
779 1.8893
780 1.8893
781 1.8893
782 1.8893
783 1.8892
784 1.8892
785 1.8892
786 1.8892
787 1.8891
788 1.8891
789 1.8891
790 1.8891
791 1.8891
792 1.8891
793 1.8891
794 1.8891
795 1.8891
796 1.8891
797 1.8891
798 1.8891
799 1.8891
800 1.8891
801 1.8891
802 1.8892
803 1.8892
804 1.8892
805 1.8892
806 1.8893
807 1.8893
808 1.8893
809 1.8893
810 1.8893
811 1.8893
812 1.8893
813 1.8894
814 1.8894
815 1.8894
816 1.8894
817 1.8893
818 1.8893
819 1.8893
820 1.8893
821 1.8893
822 1.8893
823 1.8893
824 1.8892
825 1.8892
826 1.8892
827 1.8892
828 1.8892
829 1.8892
830 1.8891
831 1.8891
832 1.8891
833 1.8891
834 1.8891
835 1.8891
836 1.8891
837 1.8891
838 1.8891
839 1.8891
840 1.8891
841 1.8891
842 1.8892
843 1.8892
844 1.8892
845 1.8892
846 1.8892
847 1.8892
848 1.8893
849 1.8893
850 1.8893
851 1.8893
852 1.8893
853 1.8893
854 1.8893
855 1.8893
856 1.8893
857 1.8893
858 1.8893
859 1.8893
860 1.8893
861 1.8893
862 1.8893
863 1.8893
864 1.8893
865 1.8892
866 1.8892
867 1.8892
868 1.8892
869 1.8892
870 1.8892
871 1.8892
872 1.8892
873 1.8892
874 1.8891
875 1.8891
876 1.8891
877 1.8891
878 1.8891
879 1.8891
880 1.8891
881 1.8892
882 1.8892
883 1.8892
884 1.8892
885 1.8892
886 1.8892
887 1.8892
888 1.8892
889 1.8892
890 1.8892
891 1.8893
892 1.8893
893 1.8893
894 1.8893
895 1.8893
896 1.8893
897 1.8893
898 1.8893
899 1.8893
900 1.8893
901 1.8893
902 1.8893
903 1.8893
904 1.8893
905 1.8893
906 1.8892
907 1.8892
908 1.8892
909 1.8892
910 1.8892
911 1.8892
912 1.8892
913 1.8892
914 1.8892
915 1.8892
916 1.8892
917 1.8892
918 1.8892
919 1.8892
920 1.8892
921 1.8892
922 1.8892
923 1.8892
924 1.8892
925 1.8892
926 1.8892
927 1.8892
928 1.8892
929 1.8892
930 1.8892
931 1.8892
932 1.8892
933 1.8892
934 1.8893
935 1.8893
936 1.8893
937 1.8893
938 1.8893
939 1.8893
940 1.8893
941 1.8893
942 1.8893
943 1.8893
944 1.8893
945 1.8893
946 1.8892
947 1.8892
948 1.8892
949 1.8892
950 1.8892
951 1.8892
952 1.8892
953 1.8892
954 1.8892
955 1.8892
956 1.8892
957 1.8892
958 1.8892
959 1.8892
960 1.8892
961 1.8892
962 1.8892
963 1.8892
964 1.8892
965 1.8892
966 1.8892
967 1.8892
968 1.8892
969 1.8892
970 1.8892
971 1.8892
972 1.8892
973 1.8892
974 1.8892
975 1.8892
976 1.8892
977 1.8892
978 1.8893
979 1.8893
980 1.8893
981 1.8893
982 1.8893
983 1.8893
984 1.8893
985 1.8892
986 1.8892
987 1.8892
988 1.8892
989 1.8892
990 1.8892
991 1.8892
992 1.8892
993 1.8892
994 1.8892
995 1.8892
996 1.8892
997 1.8892
998 1.8892
999 1.8892
1000 1.8892
1001 1.7892
1002 1.8892
1003 1.8575
1004 1.8258
1005 1.7941
1006 1.7624
1007 1.7307
1008 1.699
1009 1.6673
1010 1.6356
1011 1.612
1012 1.5879
1013 1.5586
1014 1.5344
1015 1.5152
1016 1.501
1017 1.4917
1018 1.4874
1019 1.4881
1020 1.4937
1021 1.5037
1022 1.5176
1023 1.5358
1024 1.5583
1025 1.5845
1026 1.6136
1027 1.6449
1028 1.6777
1029 1.7112
1030 1.7448
1031 1.7778
1032 1.8096
1033 1.8396
1034 1.8672
1035 1.8918
1036 1.9128
1037 1.93
1038 1.943
1039 1.9516
1040 1.9558
1041 1.9555
1042 1.9509
1043 1.9422
1044 1.9296
1045 1.9135
1046 1.8943
1047 1.8725
1048 1.8486
1049 1.8233
1050 1.7971
1051 1.7707
1052 1.7446
1053 1.7194
1054 1.6957
1055 1.674
1056 1.6547
1057 1.6383
1058 1.625
1059 1.6152
1060 1.6088
1061 1.6062
1062 1.6071
1063 1.6116
1064 1.6195
1065 1.6305
1066 1.6444
1067 1.6607
1068 1.6791
1069 1.6991
1070 1.7202
1071 1.7419
1072 1.7637
1073 1.7851
1074 1.8056
1075 1.8248
1076 1.8422
1077 1.8575
1078 1.8704
1079 1.8806
1080 1.8879
1081 1.8922
1082 1.8934
1083 1.8916
1084 1.8868
1085 1.8792
1086 1.8691
1087 1.8566
1088 1.8421
1089 1.826
1090 1.8086
1091 1.7904
1092 1.7718
1093 1.7532
1094 1.735
1095 1.7176
1096 1.7015
1097 1.6869
1098 1.6742
1099 1.6636
1100 1.6554
1101 1.6496
1102 1.6464
1103 1.6457
1104 1.6477
1105 1.6521
1106 1.6589
1107 1.6678
1108 1.6787
1109 1.6912
1110 1.705
1111 1.7198
1112 1.7353
1113 1.7511
1114 1.7668
1115 1.782
1116 1.7966
1117 1.81
1118 1.8221
1119 1.8325
1120 1.8411
1121 1.8478
1122 1.8523
1123 1.8547
1124 1.8548
1125 1.8528
1126 1.8488
1127 1.8427
1128 1.8349
1129 1.8255
1130 1.8148
1131 1.803
1132 1.7904
1133 1.7773
1134 1.764
1135 1.7508
1136 1.738
1137 1.7259
1138 1.7148
1139 1.7049
1140 1.6963
1141 1.6894
1142 1.6841
1143 1.6806
1144 1.679
1145 1.6792
1146 1.6812
1147 1.685
1148 1.6903
1149 1.6972
1150 1.7054
1151 1.7146
1152 1.7247
1153 1.7355
1154 1.7466
1155 1.7578
1156 1.7689
1157 1.7796
1158 1.7897
1159 1.7989
1160 1.8071
1161 1.814
1162 1.8197
1163 1.8238
1164 1.8265
1165 1.8276
1166 1.8271
1167 1.8251
1168 1.8217
1169 1.8169
1170 1.8109
1171 1.8038
1172 1.7959
1173 1.7872
1174 1.7781
1175 1.7686
1176 1.7592
1177 1.7499
1178 1.7409
1179 1.7325
1180 1.7249
1181 1.7182
1182 1.7125
1183 1.708
1184 1.7047
1185 1.7027
1186 1.702
1187 1.7026
1188 1.7045
1189 1.7076
1190 1.7119
1191 1.7171
1192 1.7232
1193 1.7301
1194 1.7375
1195 1.7452
1196 1.7532
1197 1.7612
1198 1.769
1199 1.7765
1200 1.7834
1201 1.7898
1202 1.7953
1203 1.7999
1204 1.8036
1205 1.8061
1206 1.8076
1207 1.808
1208 1.8073
1209 1.8055
1210 1.8027
1211 1.7989
1212 1.7944
1213 1.7891
1214 1.7832
1215 1.7769
1216 1.7703
1217 1.7635
1218 1.7568
1219 1.7503
1220 1.744
1221 1.7382
1222 1.733
1223 1.7285
1224 1.7247
1225 1.7218
1226 1.7198
1227 1.7187
1228 1.7186
1229 1.7193
1230 1.721
1231 1.7235
1232 1.7268
1233 1.7308
1234 1.7354
1235 1.7404
1236 1.7458
1237 1.7514
1238 1.7571
1239 1.7628
1240 1.7683
1241 1.7735
1242 1.7783
1243 1.7826
1244 1.7863
1245 1.7893
1246 1.7917
1247 1.7932
1248 1.794
1249 1.794
1250 1.7932
1251 1.7916
1252 1.7893
1253 1.7865
1254 1.783
1255 1.7791
1256 1.7748
1257 1.7702
1258 1.7654
1259 1.7606
1260 1.7558
1261 1.7512
1262 1.7469
1263 1.7429
1264 1.7394
1265 1.7363
1266 1.7339
1267 1.732
1268 1.7308
1269 1.7303
1270 1.7305
1271 1.7313
1272 1.7327
1273 1.7347
1274 1.7372
1275 1.7402
1276 1.7436
1277 1.7473
1278 1.7512
1279 1.7552
1280 1.7593
1281 1.7633
1282 1.7671
1283 1.7707
1284 1.774
1285 1.777
1286 1.7794
1287 1.7814
1288 1.7829
1289 1.7838
1290 1.7841
1291 1.7839
1292 1.7831
1293 1.7818
1294 1.7801
1295 1.7778
1296 1.7753
1297 1.7723
1298 1.7692
1299 1.7659
1300 1.7625
1301 1.759
1302 1.7557
1303 1.7525
1304 1.7494
1305 1.7467
1306 1.7443
1307 1.7423
1308 1.7407
1309 1.7396
1310 1.7389
1311 1.7387
1312 1.739
1313 1.7397
1314 1.7409
1315 1.7424
1316 1.7444
1317 1.7466
1318 1.7491
1319 1.7518
1320 1.7546
1321 1.7575
1322 1.7604
1323 1.7632
1324 1.7659
1325 1.7684
1326 1.7706
1327 1.7726
1328 1.7743
1329 1.7755
1330 1.7764
1331 1.7769
1332 1.777
1333 1.7767
1334 1.776
1335 1.775
1336 1.7736
1337 1.7719
1338 1.77
1339 1.7678
1340 1.7655
1341 1.7631
1342 1.7607
1343 1.7583
1344 1.7559
1345 1.7537
1346 1.7516
1347 1.7497
1348 1.7481
1349 1.7468
1350 1.7458
1351 1.7451
1352 1.7447
1353 1.7447
1354 1.745
1355 1.7456
1356 1.7466
1357 1.7478
1358 1.7493
1359 1.7509
1360 1.7528
1361 1.7547
1362 1.7568
1363 1.7588
1364 1.7609
1365 1.7628
1366 1.7647
1367 1.7664
1368 1.768
1369 1.7693
1370 1.7704
1371 1.7712
1372 1.7717
1373 1.772
1374 1.7719
1375 1.7716
1376 1.771
1377 1.7702
1378 1.7691
1379 1.7679
1380 1.7664
1381 1.7648
1382 1.7632
1383 1.7615
1384 1.7597
1385 1.758
1386 1.7563
1387 1.7548
1388 1.7534
1389 1.7521
1390 1.751
1391 1.7501
1392 1.7495
1393 1.7491
1394 1.7489
1395 1.749
1396 1.7493
1397 1.7498
1398 1.7506
1399 1.7515
1400 1.7526
1401 1.7539
1402 1.7552
1403 1.7566
1404 1.7581
1405 1.7595
1406 1.761
1407 1.7624
1408 1.7637
1409 1.7649
1410 1.7659
1411 1.7668
1412 1.7675
1413 1.768
1414 1.7683
1415 1.7684
1416 1.7683
1417 1.768
1418 1.7675
1419 1.7669
1420 1.766
1421 1.7651
1422 1.764
1423 1.7629
1424 1.7617
1425 1.7604
1426 1.7592
1427 1.758
1428 1.7568
1429 1.7557
1430 1.7548
1431 1.7539
1432 1.7532
1433 1.7526
1434 1.7522
1435 1.752
1436 1.752
1437 1.7521
1438 1.7524
1439 1.7528
1440 1.7534
1441 1.7541
1442 1.7549
1443 1.7558
1444 1.7568
1445 1.7578
1446 1.7589
1447 1.7599
1448 1.7609
1449 1.7619
1450 1.7628
1451 1.7636
1452 1.7643
1453 1.7649
1454 1.7653
1455 1.7656
1456 1.7658
1457 1.7658
1458 1.7657
1459 1.7654
1460 1.765
1461 1.7645
1462 1.7639
1463 1.7632
1464 1.7624
1465 1.7616
1466 1.7607
1467 1.7598
1468 1.759
1469 1.7581
1470 1.7573
1471 1.7566
1472 1.7559
1473 1.7553
1474 1.7548
1475 1.7545
1476 1.7542
1477 1.7541
1478 1.7541
1479 1.7543
1480 1.7545
1481 1.7549
1482 1.7553
1483 1.7558
1484 1.7565
1485 1.7571
1486 1.7578
1487 1.7586
1488 1.7593
1489 1.7601
1490 1.7608
1491 1.7614
1492 1.7621
1493 1.7626
1494 1.7631
1495 1.7635
1496 1.7637
1497 1.7639
1498 1.764
1499 1.764
1500 1.7639
1501 1.6639
1502 1.7639
1503 1.6639
1504 1.5639
1505 1.4639
1506 1.3639
1507 1.2639
1508 1.1639
1509 1.0639
1510 1
1511 1
1512 1
1513 1
1514 1
1515 1
1516 1
1517 1
1518 1
1519 1
1520 1
1521 1
1522 1
1523 1
1524 1
1525 1
1526 1
1527 1
1528 1
1529 1
1530 1
1531 1
1532 1
1533 1
1534 1
1535 1
1536 1
1537 1
1538 1
1539 1
1540 1
1541 1
1542 1
1543 1
1544 1
1545 1
1546 1
1547 1
1548 1
1549 1
1550 1
1551 1
1552 1
1553 1
1554 1
1555 1
1556 1
1557 1
1558 1
1559 1
1560 1
1561 1
1562 1
1563 1
1564 1
1565 1
1566 1
1567 1
1568 1
1569 1
1570 1.0004
1571 1.0013
1572 1.0027
1573 1.0046
1574 1.007
1575 1.0098
1576 1.013
1577 1.0166
1578 1.0206
1579 1.025
1580 1.0296
1581 1.0345
1582 1.0396
1583 1.0446
1584 1.0496
1585 1.0545
1586 1.0592
1587 1.0636
1588 1.0676
1589 1.0711
1590 1.0742
1591 1.0767
1592 1.0787
1593 1.0799
1594 1.0806
1595 1.0806
1596 1.08
1597 1.0788
1598 1.0771
1599 1.0748
1600 1.072
1601 1.0689
1602 1.0654
1603 1.0617
1604 1.0578
1605 1.0538
1606 1.0499
1607 1.046
1608 1.0424
1609 1.0389
1610 1.0358
1611 1.033
1612 1.0307
1613 1.0288
1614 1.0274
1615 1.0265
1616 1.0261
1617 1.0262
1618 1.0269
1619 1.0279
1620 1.0294
1621 1.0313
1622 1.0335
1623 1.036
1624 1.0387
1625 1.0415
1626 1.0444
1627 1.0472
1628 1.0501
1629 1.0527
1630 1.0552
1631 1.0574
1632 1.0593
1633 1.0609
1634 1.0621
1635 1.063
1636 1.0634
1637 1.0634
1638 1.063
1639 1.0622
1640 1.061
1641 1.0595
1642 1.0577
1643 1.0557
1644 1.0534
1645 1.051
1646 1.0486
1647 1.0461
1648 1.0436
1649 1.0412
1650 1.0389
1651 1.0368
1652 1.035
1653 1.0334
1654 1.0321
1655 1.0312
1656 1.0305
1657 1.0303
1658 1.0304
1659 1.0308
1660 1.0316
1661 1.0326
1662 1.034
1663 1.0355
1664 1.0373
1665 1.0393
1666 1.0414
1667 1.0435
1668 1.0457
1669 1.0478
1670 1.0498
1671 1.0517
1672 1.0535
1673 1.0551
1674 1.0564
1675 1.0574
1676 1.0582
1677 1.0587
1678 1.0589
1679 1.0588
1680 1.0584
1681 1.0578
1682 1.0568
1683 1.0557
1684 1.0543
1685 1.0528
1686 1.0512
1687 1.0494
1688 1.0476
1689 1.0458
1690 1.044
1691 1.0423
1692 1.0407
1693 1.0393
1694 1.038
1695 1.0369
1696 1.0361
1697 1.0355
1698 1.0351
1699 1.035
1700 1.0351
1701 1.0355
1702 1.0361
1703 1.0369
1704 1.0379
1705 1.0391
1706 1.0404
1707 1.0418
1708 1.0433
1709 1.0448
1710 1.0463
1711 1.0478
1712 1.0492
1713 1.0505
1714 1.0517
1715 1.0528
1716 1.0537
1717 1.0543
1718 1.0548
1719 1.0551
1720 1.0552
1721 1.055
1722 1.0546
1723 1.0541
1724 1.0534
1725 1.0525
1726 1.0515
1727 1.0504
1728 1.0492
1729 1.0479
1730 1.0466
1731 1.0453
1732 1.0441
1733 1.0429
1734 1.0418
1735 1.0408
1736 1.04
1737 1.0392
1738 1.0387
1739 1.0383
1740 1.0381
1741 1.0381
1742 1.0383
1743 1.0386
1744 1.0391
1745 1.0397
1746 1.0405
1747 1.0414
1748 1.0423
1749 1.0434
1750 1.0444
1751 1.0455
1752 1.0466
1753 1.0476
1754 1.0486
1755 1.0495
1756 1.0503
1757 1.051
1758 1.0516
1759 1.0521
1760 1.0523
1761 1.0525
1762 1.0525
1763 1.0523
1764 1.052
1765 1.0516
1766 1.051
1767 1.0504
1768 1.0496
1769 1.0488
1770 1.0479
1771 1.047
1772 1.0461
1773 1.0452
1774 1.0443
1775 1.0435
1776 1.0427
1777 1.042
1778 1.0415
1779 1.041
1780 1.0407
1781 1.0404
1782 1.0404
1783 1.0404
1784 1.0405
1785 1.0408
1786 1.0412
1787 1.0417
1788 1.0423
1789 1.0429
1790 1.0436
1791 1.0444
1792 1.0451
1793 1.0459
1794 1.0467
1795 1.0474
1796 1.0481
1797 1.0487
1798 1.0493
1799 1.0497
1800 1.0501
1801 1.0504
1802 1.0505
1803 1.0506
1804 1.0506
1805 1.0504
1806 1.0502
1807 1.0498
1808 1.0494
1809 1.0489
1810 1.0483
1811 1.0477
1812 1.0471
1813 1.0464
1814 1.0458
1815 1.0452
1816 1.0445
1817 1.044
1818 1.0435
1819 1.043
1820 1.0426
1821 1.0423
1822 1.0421
1823 1.042
1824 1.0419
1825 1.042
1826 1.0421
1827 1.0424
1828 1.0427
1829 1.043
1830 1.0435
1831 1.044
1832 1.0445
1833 1.045
1834 1.0456
1835 1.0461
1836 1.0466
1837 1.0472
1838 1.0476
1839 1.0481
1840 1.0484
1841 1.0487
1842 1.049
1843 1.0491
1844 1.0492
1845 1.0493
1846 1.0492
1847 1.0491
1848 1.0489
1849 1.0486
1850 1.0483
1851 1.0479
1852 1.0475
1853 1.047
1854 1.0466
1855 1.0461
1856 1.0457
1857 1.0452
1858 1.0448
1859 1.0444
1860 1.044
1861 1.0437
1862 1.0435
1863 1.0433
1864 1.0432
1865 1.0431
1866 1.0431
1867 1.0432
1868 1.0433
1869 1.0435
1870 1.0437
1871 1.044
1872 1.0443
1873 1.0446
1874 1.045
1875 1.0454
1876 1.0458
1877 1.0462
1878 1.0466
1879 1.0469
1880 1.0473
1881 1.0475
1882 1.0478
1883 1.048
1884 1.0481
1885 1.0482
1886 1.0483
1887 1.0483
1888 1.0482
1889 1.0481
1890 1.0479
1891 1.0477
1892 1.0475
1893 1.0472
1894 1.0469
1895 1.0466
1896 1.0463
1897 1.0459
1898 1.0456
1899 1.0453
1900 1.045
1901 1.0447
1902 1.0445
1903 1.0443
1904 1.0441
1905 1.044
1906 1.0439
1907 1.0439
1908 1.0439
1909 1.044
1910 1.0441
1911 1.0442
1912 1.0444
1913 1.0446
1914 1.0449
1915 1.0451
1916 1.0454
1917 1.0457
1918 1.0459
1919 1.0462
1920 1.0465
1921 1.0467
1922 1.0469
1923 1.0471
1924 1.0473
1925 1.0474
1926 1.0475
1927 1.0476
1928 1.0476
1929 1.0476
1930 1.0475
1931 1.0474
1932 1.0473
1933 1.0471
1934 1.047
1935 1.0468
1936 1.0465
1937 1.0463
1938 1.0461
1939 1.0458
1940 1.0456
1941 1.0454
1942 1.0452
1943 1.045
1944 1.0448
1945 1.0447
1946 1.0446
1947 1.0445
1948 1.0445
1949 1.0445
1950 1.0445
1951 1.0446
1952 1.0446
1953 1.0448
1954 1.0449
1955 1.045
1956 1.0452
1957 1.0454
1958 1.0456
1959 1.0458
1960 1.046
1961 1.0462
1962 1.0464
1963 1.0465
1964 1.0467
1965 1.0468
1966 1.0469
1967 1.047
1968 1.0471
1969 1.0471
1970 1.0471
1971 1.0471
1972 1.047
1973 1.047
1974 1.0469
1975 1.0467
1976 1.0466
1977 1.0465
1978 1.0463
1979 1.0461
1980 1.046
1981 1.0458
1982 1.0456
1983 1.0455
1984 1.0453
1985 1.0452
1986 1.0451
1987 1.045
1988 1.045
1989 1.0449
1990 1.0449
1991 1.0449
1992 1.0449
1993 1.045
1994 1.045
1995 1.0451
1996 1.0452
1997 1.0453
1998 1.0455
1999 1.0456
2000 1.0457
2001 1.0459
2002 1.046
2003 1.0462
2004 1.0463
2005 1.0464
2006 1.0465
2007 1.0466
2008 1.0467
2009 1.0467
2010 1.0468
2011 1.0468
2012 1.0468
2013 1.0467
2014 1.0467
2015 1.0466
2016 1.0466
2017 1.0465
2018 1.0464
2019 1.0463
2020 1.0461
2021 1.046
2022 1.0459
2023 1.0458
2024 1.0457
2025 1.0456
2026 1.0455
2027 1.0454
2028 1.0453
2029 1.0453
2030 1.0452
2031 1.0452
2032 1.0452
2033 1.0452
2034 1.0452
2035 1.0453
2036 1.0453
2037 1.0454
2038 1.0454
2039 1.0455
2040 1.0456
2041 1.0457
2042 1.0458
2043 1.0459
2044 1.046
2045 1.0461
2046 1.0462
2047 1.0463
2048 1.0464
2049 1.0464
2050 1.0465
2051 1.0465
2052 1.0465
2053 1.0465
2054 1.0465
2055 1.0465
2056 1.0465
2057 1.0464
2058 1.0464
2059 1.0463
2060 1.0462
2061 1.0461
2062 1.046
2063 1.046
2064 1.0459
2065 1.0458
2066 1.0457
2067 1.0456
2068 1.0456
2069 1.0455
2070 1.0455
2071 1.0454
2072 1.0454
2073 1.0454
2074 1.0454
2075 1.0454
2076 1.0454
2077 1.0455
2078 1.0455
2079 1.0455
2080 1.0456
2081 1.0457
2082 1.0457
2083 1.0458
2084 1.0459
2085 1.0459
2086 1.046
2087 1.0461
2088 1.0461
2089 1.0462
2090 1.0462
2091 1.0463
2092 1.0463
2093 1.0463
2094 1.0463
2095 1.0463
2096 1.0463
2097 1.0463
2098 1.0463
2099 1.0463
2100 1.0462
2101 1.0462
2102 1.0461
2103 1.046
2104 1.046
2105 1.0459
2106 1.0459
2107 1.0458
2108 1.0458
2109 1.0457
2110 1.0457
2111 1.0456
2112 1.0456
2113 1.0456
2114 1.0455
2115 1.0455
2116 1.0455
2117 1.0456
2118 1.0456
2119 1.0456
2120 1.0456
2121 1.0457
2122 1.0457
2123 1.0458
2124 1.0458
2125 1.0459
2126 1.0459
2127 1.046
2128 1.046
2129 1.0461
2130 1.0461
2131 1.0461
2132 1.0462
2133 1.0462
2134 1.0462
2135 1.0462
2136 1.0462
2137 1.0462
2138 1.0462
2139 1.0462
2140 1.0462
2141 1.0461
2142 1.0461
2143 1.0461
2144 1.046
2145 1.046
2146 1.0459
2147 1.0459
2148 1.0459
2149 1.0458
2150 1.0458
2151 1.0457
2152 1.0457
2153 1.0457
2154 1.0457
2155 1.0457
2156 1.0456
2157 1.0456
2158 1.0456
2159 1.0457
2160 1.0457
2161 1.0457
2162 1.0457
2163 1.0457
2164 1.0458
2165 1.0458
2166 1.0458
2167 1.0459
2168 1.0459
2169 1.046
2170 1.046
2171 1.046
2172 1.0461
2173 1.0461
2174 1.0461
2175 1.0461
2176 1.0461
2177 1.0461
2178 1.0461
2179 1.0461
2180 1.0461
2181 1.0461
2182 1.0461
2183 1.0461
2184 1.046
2185 1.046
2186 1.046
2187 1.046
2188 1.0459
2189 1.0459
2190 1.0459
2191 1.0458
2192 1.0458
2193 1.0458
2194 1.0458
2195 1.0457
2196 1.0457
2197 1.0457
2198 1.0457
2199 1.0457
2200 1.0457
2201 1.1457
2202 1.0457
2203 1.1457
2204 1.2457
2205 1.3457
2206 1.4457
2207 1.5457
2208 1.6457
2209 1.7457
2210 1.8457
2211 1.9457
2212 2
2213 2
2214 2
2215 2
2216 2
2217 2
2218 2
2219 2
2220 2
2221 1.9935
2222 1.9748
2223 1.9516
2224 1.9279
2225 1.9034
2226 1.8778
2227 1.8509
2228 1.8226
2229 1.7926
2230 1.761
2231 1.728
2232 1.6952
2233 1.6637
2234 1.6339
2235 1.6058
2236 1.5796
2237 1.5554
2238 1.5335
2239 1.5141
2240 1.4975
2241 1.4841
2242 1.474
2243 1.467
2244 1.4632
2245 1.4623
2246 1.4641
2247 1.4685
2248 1.4751
2249 1.4838
2250 1.4943
2251 1.5061
2252 1.519
2253 1.5324
2254 1.5461
2255 1.5597
2256 1.5728
2257 1.5851
2258 1.5964
2259 1.6063
2260 1.6147
2261 1.6213
2262 1.6261
2263 1.6289
2264 1.6297
2265 1.6286
2266 1.6256
2267 1.6208
2268 1.6143
2269 1.6064
2270 1.5973
2271 1.5872
2272 1.5763
2273 1.565
2274 1.5536
2275 1.5422
2276 1.5313
2277 1.5209
2278 1.5115
2279 1.5032
2280 1.4962
2281 1.4906
2282 1.4867
2283 1.4844
2284 1.4838
2285 1.4849
2286 1.4876
2287 1.492
2288 1.4979
2289 1.5051
2290 1.5134
2291 1.5228
2292 1.5329
2293 1.5435
2294 1.5544
2295 1.5654
2296 1.5762
2297 1.5865
2298 1.5962
2299 1.605
2300 1.6128
2301 1.6194
2302 1.6247
2303 1.6286
2304 1.631
2305 1.6319
2306 1.6313
2307 1.6293
2308 1.6258
2309 1.6211
2310 1.6152
2311 1.6083
2312 1.6006
2313 1.5922
2314 1.5834
2315 1.5743
2316 1.5652
2317 1.5563
2318 1.5477
2319 1.5397
2320 1.5324
2321 1.526
2322 1.5206
2323 1.5163
2324 1.5132
2325 1.5113
2326 1.5107
2327 1.5114
2328 1.5132
2329 1.5162
2330 1.5203
2331 1.5253
2332 1.5312
2333 1.5377
2334 1.5448
2335 1.5521
2336 1.5597
2337 1.5673
2338 1.5747
2339 1.5817
2340 1.5883
2341 1.5942
2342 1.5994
2343 1.6037
2344 1.607
2345 1.6094
2346 1.6107
2347 1.6109
2348 1.6101
2349 1.6083
2350 1.6055
2351 1.6019
2352 1.5975
2353 1.5924
2354 1.5867
2355 1.5807
2356 1.5744
2357 1.568
2358 1.5616
2359 1.5554
2360 1.5495
2361 1.544
2362 1.5391
2363 1.5348
2364 1.5313
2365 1.5287
2366 1.5268
2367 1.5259
2368 1.5258
2369 1.5267
2370 1.5284
2371 1.5309
2372 1.5341
2373 1.5379
2374 1.5423
2375 1.5472
2376 1.5523
2377 1.5577
2378 1.5631
2379 1.5685
2380 1.5737
2381 1.5786
2382 1.5832
2383 1.5872
2384 1.5907
2385 1.5935
2386 1.5957
2387 1.5971
2388 1.5978
2389 1.5977
2390 1.5968
2391 1.5953
2392 1.5931
2393 1.5903
2394 1.5869
2395 1.5832
2396 1.579
2397 1.5746
2398 1.5701
2399 1.5655
2400 1.561
2401 1.5566
2402 1.5525
2403 1.5488
2404 1.5454
2405 1.5426
2406 1.5403
2407 1.5386
2408 1.5375
2409 1.5371
2410 1.5373
2411 1.5381
2412 1.5395
2413 1.5415
2414 1.5439
2415 1.5468
2416 1.5501
2417 1.5536
2418 1.5573
2419 1.5612
2420 1.565
2421 1.5688
2422 1.5725
2423 1.5759
2424 1.579
2425 1.5818
2426 1.5841
2427 1.5859
2428 1.5873
2429 1.5881
2430 1.5883
2431 1.5881
2432 1.5873
2433 1.586
2434 1.5843
2435 1.5821
2436 1.5796
2437 1.5768
2438 1.5738
2439 1.5706
2440 1.5674
2441 1.5641
2442 1.5609
2443 1.5579
2444 1.5551
2445 1.5525
2446 1.5502
2447 1.5483
2448 1.5469
2449 1.5458
2450 1.5452
2451 1.5451
2452 1.5454
2453 1.5461
2454 1.5473
2455 1.5488
2456 1.5507
2457 1.5528
2458 1.5552
2459 1.5578
2460 1.5605
2461 1.5632
2462 1.566
2463 1.5687
2464 1.5712
2465 1.5736
2466 1.5757
2467 1.5775
2468 1.5791
2469 1.5803
2470 1.5811
2471 1.5815
2472 1.5816
2473 1.5812
2474 1.5806
2475 1.5795
2476 1.5782
2477 1.5766
2478 1.5747
2479 1.5726
2480 1.5704
2481 1.5681
2482 1.5658
2483 1.5635
2484 1.5613
2485 1.5591
2486 1.5572
2487 1.5554
2488 1.5539
2489 1.5527
2490 1.5517
2491 1.5511
2492 1.5508
2493 1.5508
2494 1.5511
2495 1.5518
2496 1.5527
2497 1.5539
2498 1.5553
2499 1.5569
2500 1.5587
2501 1.5605
2502 1.5625
2503 1.5644
2504 1.5664
2505 1.5683
2506 1.57
2507 1.5716
2508 1.5731
2509 1.5743
2510 1.5753
2511 1.5761
2512 1.5766
2513 1.5768
2514 1.5767
2515 1.5764
2516 1.5758
2517 1.575
2518 1.5739
2519 1.5727
2520 1.5713
2521 1.5698
2522 1.5682
2523 1.5666
2524 1.5649
2525 1.5633
2526 1.5617
2527 1.5603
2528 1.5589
2529 1.5577
2530 1.5567
2531 1.5559
2532 1.5553
2533 1.5549
2534 1.5548
2535 1.5549
2536 1.5552
2537 1.5558
2538 1.5565
2539 1.5574
2540 1.5584
2541 1.5596
2542 1.5609
2543 1.5623
2544 1.5637
2545 1.5651
2546 1.5664
2547 1.5678
2548 1.569
2549 1.5701
2550 1.5711
2551 1.5719
2552 1.5725
2553 1.573
2554 1.5733
2555 1.5734
2556 1.5732
2557 1.5729
2558 1.5725
2559 1.5718
2560 1.571
2561 1.5701
2562 1.5691
2563 1.568
2564 1.5668
2565 1.5657
2566 1.5645
2567 1.5633
2568 1.5622
2569 1.5612
2570 1.5603
2571 1.5595
2572 1.5588
2573 1.5583
2574 1.5579
2575 1.5577
2576 1.5577
2577 1.5578
2578 1.5581
2579 1.5585
2580 1.5591
2581 1.5598
2582 1.5606
2583 1.5615
2584 1.5624
2585 1.5634
2586 1.5644
2587 1.5654
2588 1.5663
2589 1.5673
2590 1.5681
2591 1.5689
2592 1.5695
2593 1.5701
2594 1.5705
2595 1.5708
2596 1.5709
2597 1.5709
2598 1.5708
2599 1.5705
2600 1.5701
2601 1.5696
2602 1.569
2603 1.5684
2604 1.5676
2605 1.5668
2606 1.566
2607 1.5651
2608 1.5643
2609 1.5635
2610 1.5627
2611 1.562
2612 1.5614
2613 1.5609
2614 1.5604
2615 1.5601
2616 1.5599
2617 1.5598
2618 1.5598
2619 1.5599
2620 1.5602
2621 1.5605
2622 1.5609
2623 1.5615
2624 1.562
2625 1.5627
2626 1.5634
2627 1.5641
2628 1.5648
2629 1.5655
2630 1.5662
2631 1.5668
2632 1.5674
2633 1.5679
2634 1.5683
2635 1.5687
2636 1.5689
2637 1.5691
2638 1.5692
2639 1.5691
2640 1.569
2641 1.5688
2642 1.5685
2643 1.5681
2644 1.5677
2645 1.5672
2646 1.5666
2647 1.566
2648 1.5654
2649 1.5648
2650 1.5642
2651 1.5637
2652 1.5632
2653 1.5627
2654 1.5622
2655 1.5619
2656 1.5616
2657 1.5614
2658 1.5613
2659 1.5612
2660 1.5613
2661 1.5614
2662 1.5616
2663 1.5619
2664 1.5622
2665 1.5626
2666 1.563
2667 1.5635
2668 1.564
2669 1.5645
2670 1.565
2671 1.5655
2672 1.566
2673 1.5664
2674 1.5668
2675 1.5671
2676 1.5674
2677 1.5677
2678 1.5678
2679 1.5679
2680 1.5679
2681 1.5679
2682 1.5678
2683 1.5676
2684 1.5674
2685 1.5671
2686 1.5667
2687 1.5664
2688 1.566
2689 1.5655
2690 1.5651
2691 1.5647
2692 1.5643
2693 1.5639
2694 1.5635
2695 1.5632
2696 1.5629
2697 1.5627
2698 1.5625
2699 1.5624
2700 1.5623
2701 1.5623
2702 1.5623
2703 1.5624
2704 1.5626
2705 1.5628
2706 1.5631
2707 1.5634
2708 1.5637
2709 1.564
2710 1.5644
2711 1.5647
2712 1.5651
2713 1.5654
2714 1.5658
2715 1.5661
2716 1.5663
2717 1.5666
2718 1.5668
2719 1.5669
2720 1.567
2721 1.5671
2722 1.5671
2723 1.567
2724 1.5669
2725 1.5668
2726 1.5666
2727 1.5664
2728 1.5661
2729 1.5658
2730 1.5655
2731 1.5652
2732 1.5649
2733 1.5646
2734 1.5643
2735 1.5641
2736 1.5638
2737 1.5636
2738 1.5634
2739 1.5632
2740 1.5631
2741 1.5631
2742 1.563
2743 1.563
2744 1.5631
2745 1.5632
2746 1.5633
2747 1.5635
2748 1.5637
2749 1.5639
2750 1.5641
2751 1.5644
2752 1.5646
2753 1.5649
2754 1.5651
2755 1.5654
2756 1.5656
2757 1.5658
2758 1.566
2759 1.5661
2760 1.5663
2761 1.5664
2762 1.5664
2763 1.5664
2764 1.5664
2765 1.5664
2766 1.5663
2767 1.5662
2768 1.566
2769 1.5659
2770 1.5657
2771 1.5655
2772 1.5653
2773 1.5651
2774 1.5648
2775 1.5646
2776 1.5644
2777 1.5642
2778 1.5641
2779 1.5639
2780 1.5638
2781 1.5637
2782 1.5636
2783 1.5636
2784 1.5636
2785 1.5636
2786 1.5636
2787 1.5637
2788 1.5638
2789 1.5639
2790 1.5641
2791 1.5642
2792 1.5644
2793 1.5646
2794 1.5647
2795 1.5649
2796 1.5651
2797 1.5653
2798 1.5654
2799 1.5656
2800 1.5657
2801 1.5658
2802 1.5659
2803 1.5659
2804 1.566
2805 1.566
2806 1.566
2807 1.5659
2808 1.5658
2809 1.5658
2810 1.5657
2811 1.5655
2812 1.5654
2813 1.5652
2814 1.5651
2815 1.5649
2816 1.5648
2817 1.5646
2818 1.5645
2819 1.5644
2820 1.5642
2821 1.5641
2822 1.5641
2823 1.564
2824 1.564
2825 1.5639
2826 1.5639
2827 1.564
2828 1.564
2829 1.5641
2830 1.5641
2831 1.5642
2832 1.5643
2833 1.5644
2834 1.5646
2835 1.5647
2836 1.5648
2837 1.565
2838 1.5651
2839 1.5652
2840 1.5653
2841 1.5654
2842 1.5655
2843 1.5656
2844 1.5656
2845 1.5656
2846 1.5657
2847 1.5657
2848 1.5656
2849 1.5656
2850 1.5655
2851 1.5655
2852 1.5654
2853 1.5653
2854 1.5652
2855 1.5651
2856 1.565
2857 1.5649
2858 1.5648
2859 1.5647
2860 1.5646
2861 1.5645
2862 1.5644
2863 1.5643
2864 1.5643
2865 1.5642
2866 1.5642
2867 1.5642
2868 1.5642
2869 1.5642
2870 1.5643
2871 1.5643
2872 1.5644
2873 1.5644
2874 1.5645
2875 1.5646
2876 1.5647
2877 1.5648
2878 1.5649
2879 1.565
2880 1.5651
2881 1.5651
2882 1.5652
2883 1.5653
2884 1.5653
2885 1.5654
2886 1.5654
2887 1.5654
2888 1.5654
2889 1.5654
2890 1.5654
2891 1.5654
2892 1.5653
2893 1.5653
2894 1.5652
2895 1.5652
2896 1.5651
2897 1.565
2898 1.5649
2899 1.5649
2900 1.5648
2901 1.5647
2902 1.5646
2903 1.5646
2904 1.5645
2905 1.5645
2906 1.5644
2907 1.5644
2908 1.5644
2909 1.5644
2910 1.5644
2911 1.5644
2912 1.5644
2913 1.5645
2914 1.5645
2915 1.5646
2916 1.5646
2917 1.5647
2918 1.5648
2919 1.5648
2920 1.5649
2921 1.565
2922 1.565
2923 1.5651
2924 1.5651
2925 1.5652
2926 1.5652
2927 1.5652
2928 1.5653
2929 1.5653
2930 1.5653
2931 1.5653
2932 1.5652
2933 1.5652
2934 1.5652
2935 1.5651
2936 1.5651
2937 1.5651
2938 1.565
2939 1.5649
2940 1.5649
2941 1.5648
2942 1.5648
2943 1.5647
2944 1.5647
2945 1.5646
2946 1.5646
2947 1.5646
2948 1.5646
2949 1.5645
2950 1.5645
2951 1.5645
2952 1.5645
2953 1.5646
2954 1.5646
2955 1.5646
2956 1.5646
2957 1.5647
2958 1.5647
2959 1.5648
2960 1.5648
2961 1.5649
2962 1.5649
2963 1.565
2964 1.565
2965 1.565
2966 1.5651
2967 1.5651
2968 1.5651
2969 1.5651
2970 1.5652
2971 1.5652
2972 1.5652
2973 1.5651
2974 1.5651
2975 1.5651
2976 1.5651
2977 1.5651
2978 1.565
2979 1.565
2980 1.5649
2981 1.5649
2982 1.5649
2983 1.5648
2984 1.5648
2985 1.5648
2986 1.5647
2987 1.5647
2988 1.5647
2989 1.5647
2990 1.5646
2991 1.5646
2992 1.5646
2993 1.5646
2994 1.5646
2995 1.5647
2996 1.5647
2997 1.5647
2998 1.5647
2999 1.5647
3000 1.5648
