1 0
2 0
3 0
4 0
5 0
6 0
7 0
8 0
9 0
10 0
11 0
12 -0.19197
13 -0.17684
14 0.049736
15 0.30106
16 0.15419
17 -0.15421
18 -0.2383
19 -0.20807
20 -0.17654
21 3.1097
22 3.6555
23 3.4588
24 2.6045
25 1.891
26 1.2284
27 1.0611
28 0.53429
29 0.4237
30 0.19037
31 0.27682
32 0.55508
33 0.87796
34 1.1271
35 0.96152
36 0.76453
37 0.49958
38 0.63468
39 0.52936
40 0.61536
41 0.72969
42 0.62967
43 0.63764
44 0.6751
45 0.47611
46 0.5462
47 0.66698
48 0.73817
49 0.78522
50 0.7601
51 0.69855
52 0.77807
53 0.82762
54 0.70879
55 0.44043
56 0.56137
57 0.74056
58 0.79521
59 0.80948
60 0.74105
61 0.60104
62 -0.56121
63 -0.96381
64 -1.2903
65 -1.066
66 -0.80228
67 -0.4652
68 -0.3523
69 -0.19125
70 -0.15533
71 -0.1595
72 -0.052763
73 -0.12717
74 -0.1792
75 -0.05145
76 -0.19619
77 0.09269
78 0.072162
79 0.2284
80 0.10312
81 0.14616
82 0.040061
83 0.021613
84 0.050268
85 0.17946
86 -0.070389
87 -0.36291
88 -0.5245
89 -0.16758
90 0.071071
91 0.29563
92 0.26982
93 0.32377
94 0.41075
95 0.19811
96 0.1847
97 0.19874
98 -0.27529
99 -0.19071
100 -0.21861
101 -0.18208
102 0.19195
103 0.13641
104 0.11598
105 0.078695
106 0.066388
107 0.156
108 0.045632
109 0.175
110 0.20401
111 0.051641
112 -0.16647
113 -0.029109
114 0.10221
115 0.11173
116 0.0043999
117 -0.056689
118 0.018736
119 0.19658
120 0.14145
121 0.174
122 -0.026198
123 0.22002
124 0.14052
125 -0.0048737
126 0.077627
127 0.14253
128 0.24456
129 0.17441
130 0.09497
131 -0.010517
132 0.069535
133 0.0071734
134 0.077568
135 0.065346
136 0.12916
137 0.08053
138 -0.39306
139 -0.57899
140 -0.32907
141 0.0074692
142 0.49562
143 0.58633
144 0.54052
145 0.24355
146 0.045974
147 -0.023335
148 0.034368
149 0.1568
150 0.10358
151 -0.073015
152 -0.091742
153 -0.042945
154 -0.018701
155 0.016924
156 0.29026
157 0.22463
158 0.22706
159 0.33291
160 0.28366
161 0.11134
162 -0.16492
163 -0.16704
164 -0.17073
165 0.041904
166 0.30142
167 0.15833
168 0.16588
169 -0.14488
170 -0.31416
171 -0.1204
172 -0.12196
173 -0.020346
174 0.28528
175 0.27965
176 0.22399
177 0.07956
178 -0.015859
179 -0.0441
180 -0.029559
181 0.11982
182 0.11985
183 0.42485
184 0.38871
185 0.061144
186 0.034654
187 -0.10314
188 -0.22603
189 0.011025
190 0.16811
191 0.22986
192 0.091169
193 0.059874
194 0.12914
195 0.2533
196 0.15483
197 0.052205
198 0.0044858
199 -0.028421
200 0.078896
