1 0
2 0
3 0
4 0
5 0
6 0
7 0
8 0
9 0
10 0
11 0
12 0
13 0
14 0
15 0
16 0
17 -0.014764
18 -0.027607
19 -0.022365
20 0.0019362
21 0.013696
22 0.001135
23 -0.01725
24 -0.032366
25 -0.044282
26 0.19715
27 0.46817
28 0.71015
29 0.87401
30 0.97459
31 1.019
32 1.0483
33 1.0355
34 1.0149
35 0.9774
36 0.94844
37 0.94235
38 0.96141
39 0.99864
40 1.0212
41 1.0275
42 1.0131
43 1.0097
44 0.9985
45 0.99444
46 0.99938
47 0.99637
48 0.99412
49 0.99487
50 0.98028
51 0.97183
52 0.97309
53 0.97976
54 0.98971
55 0.99722
56 0.99961
57 1.008
58 1.0197
59 1.0218
60 1.003
61 0.99457
62 1.0003
63 1.01
64 1.126
65 1.2238
66 1.2996
67 1.2767
68 1.2192
69 1.1352
70 1.0691
71 1.0233
72 1.0029
73 0.98962
74 0.98715
75 0.98556
76 0.98197
77 0.9852
78 0.98117
79 0.97213
80 0.97231
81 0.96039
82 0.97047
83 0.97772
84 0.99596
85 1.0031
86 1.0126
87 1.013
88 1.0116
89 1.0121
90 1.0223
91 1.0124
92 0.98029
93 0.93719
94 0.92356
95 0.92883
96 0.95094
97 0.96982
98 0.99176
99 1.0192
100 1.0287
101 1.0367
102 1.0452
103 1.0168
104 0.99635
105 0.97472
106 0.95696
107 0.96885
108 0.97582
109 0.98083
110 0.9827
111 0.9835
112 0.99113
113 0.98987
114 0.9986
115 1.0091
116 1.0073
117 0.98888
118 0.98192
119 0.98541
120 0.98945
121 0.98502
122 0.97611
123 0.97345
124 0.98461
125 0.99094
126 0.99946
127 0.99213
128 1.0041
129 1.0094
130 1.0032
131 1.0036
132 1.0091
133 1.0221
134 1.029
135 1.0295
136 1.0218
137 1.0207
138 1.0148
139 1.0146
140 1.0136
141 1.0174
142 1.0174
143 0.98089
144 0.93198
145 0.9048
146 0.9049
147 0.94254
148 0.98522
149 1.0222
150 1.0344
151 1.0308
152 1.0221
153 1.0183
154 1.024
155 1.0254
156 1.0131
157 1
158 0.99136
159 0.985
160 0.98171
161 0.99961
162 1.0115
163 1.0231
164 1.0421
165 1.0564
166 1.0567
167 1.0358
168 1.0157
169 0.99641
170 0.99445
171 1.0126
172 1.0187
173 1.0252
174 1.0074
175 0.97746
176 0.96399
177 0.95109
178 0.94667
179 0.96599
180 0.98388
181 0.99657
182 0.99751
183 0.99106
184 0.98276
185 0.97602
186 0.9811
187 0.98593
188 1.014
189 1.0378
190 1.0352
191 1.0307
192 1.0158
193 0.99226
194 0.98815
195 0.99632
196 1.0088
197 1.01
198 1.0088
199 1.0129
200 1.0263
