1 -0.15144
2 0.10262
3 -0.075813
4 0.20783
5 -0.2222
6 0.044876
7 6.2612e-05
8 -0.075624
9 0.040432
10 -0.079385
11 0.085978
12 0.0066869
13 -0.16394
14 -0.24247
15 -0.028383
16 0.11458
17 0.018117
18 0.005425
19 0.068775
20 -0.13934
21 0.14254
22 -0.089385
23 0.0037765
24 -0.036357
25 0.014956
26 -0.19445
27 0.15239
28 0.054581
29 0.20099
30 0.14167
31 0.0011481
32 -0.093905
33 -0.17389
34 0.0016971
35 0.021916
36 0.10458
37 -0.095098
38 0.07948
39 0.007143
40 -0.077369
41 0.077416
42 0.026565
43 -0.023511
44 0.18773
45 0.060924
46 -0.011027
47 0.027746
48 0.0087046
49 0.017359
50 0.045359
51 -0.060352
52 -0.079702
53 0.036065
54 0.18851
55 -0.030682
56 -0.10127
57 -0.023855
58 -0.048401
59 -0.032734
60 0.047552
61 0.987
62 0.94056
63 0.95562
64 0.86775
65 0.91405
66 0.8587
67 0.9484
68 0.89149
69 0.92928
70 0.96983
71 0.87996
72 0.99806
73 1.034
74 0.90368
75 1.1114
76 0.84139
77 0.96082
78 0.85153
79 0.96554
80 0.86761
81 0.94252
82 0.92593
83 0.8815
84 0.79351
85 1.0565
86 1.2
87 1.2223
88 0.95078
89 0.9954
90 0.95343
91 1.0076
92 0.90812
93 0.80805
94 0.99636
95 0.87749
96 0.80976
97 1.2374
98 0.97667
99 1.0404
100 1.1192
101 0.83152
102 1.0413
103 1.0502
104 1.0083
105 1.0158
106 0.94721
107 1.0723
108 0.91501
109 0.92036
110 1.0725
111 1.1687
112 0.96136
113 0.94949
114 1.0408
115 1.1072
116 1.0968
117 1.027
118 0.93656
119 1.063
120 0.99208
121 1.1377
122 0.85918
123 1.0141
124 1.129
125 0.95051
126 0.93752
127 0.90664
128 0.97213
129 0.97995
130 1.0137
131 0.91167
132 1.0083
133 0.93961
134 0.96313
135 0.91618
136 0.97175
137 1.357
138 1.3408
139 1.1147
140 1.0787
141 0.87219
142 0.94154
143 0.93806
144 1.0535
145 1.0483
146 1.0108
147 0.96597
148 0.90742
149 1.0005
150 1.1139
151 1.0427
152 1.0181
153 1.0657
154 1.0584
155 0.83835
156 1.0019
157 0.9574
158 0.7966
159 0.86714
160 0.96801
161 1.0825
162 0.97707
163 1.0262
164 0.9102
165 0.78427
166 1.0094
167 0.90488
168 1.1173
169 1.1735
170 0.96283
171 1.1193
172 1.0954
173 0.8585
174 0.99666
175 1.0261
176 1.0523
177 1.0677
178 1.0674
179 1.0678
180 0.96874
181 1.0379
182 0.77471
183 0.88316
184 1.1202
185 0.93393
186 1.0328
187 1.1508
188 0.91111
189 0.90407
190 0.95073
191 1.0441
192 0.97952
193 0.90222
194 0.84271
195 0.96297
196 0.97789
197 0.94648
198 0.9738
199 0.89046
200 1.0549
