1 0
2 0
3 0
4 0
5 0
6 0
7 0
8 0
9 0
10 0
11 0
12 0
13 0
14 0
15 0
16 0
17 0
18 0
19 0
20 0
21 2.9955
22 3.7306
23 3.3369
24 2.5549
25 1.7881
26 1.2046
27 0.83331
28 0.63769
29 0.56173
30 0.55409
31 0.57725
32 0.60815
33 0.63526
34 0.65451
35 0.66602
36 0.6716
37 0.67339
38 0.67317
39 0.67215
40 0.67104
41 0.67016
42 0.66957
43 0.66926
44 0.66914
45 0.66913
46 0.66918
47 0.66924
48 0.6693
49 0.66934
50 0.66937
51 0.66939
52 0.66941
53 0.66941
54 0.66942
55 0.66942
56 0.66943
57 0.66943
58 0.66944
59 0.66944
60 0.66944
61 0.66945
62 0.66945
63 0.66945
64 0.66945
65 0.66946
66 0.66946
67 0.66946
68 0.66946
69 0.66946
70 0.66946
71 0.66946
72 0.66946
73 0.66946
74 0.66947
75 0.66947
76 0.66947
77 0.66947
78 0.66947
79 0.66947
80 0.66947
81 0.66947
82 0.66947
83 0.66947
84 0.66947
85 0.66947
86 0.66947
87 0.66947
88 0.66947
89 0.66947
90 0.66947
91 0.66947
92 0.66947
93 0.66947
94 0.66947
95 0.66947
96 0.66947
97 0.66947
98 0.66947
99 0.66947
100 0.66947
101 0.66947
102 0.66947
103 0.66947
104 0.66947
105 0.66947
106 0.66947
107 0.66947
108 0.66947
109 0.66947
110 0.66947
111 0.66947
112 0.66947
113 0.66947
114 0.66947
115 0.66947
116 0.66947
117 0.66946
118 0.66944
119 0.66941
120 0.66938
121 0.66936
122 0.66934
123 0.66934
124 0.66935
125 0.66936
126 0.66939
127 0.66941
128 0.66944
129 0.66948
130 0.66951
131 0.66955
132 0.66963
133 0.66983
134 0.67028
135 0.67108
136 0.67226
137 0.67362
138 0.6746
139 0.67489
140 0.67453
141 0.67374
142 0.67134
143 0.66837
144 0.666
145 0.66482
146 0.6648
147 0.66558
148 0.66671
149 0.66784
150 0.66875
151 0.66936
152 0.66969
153 0.66981
154 0.6698
155 0.66973
156 0.66964
157 0.66956
158 0.66951
159 0.66947
160 0.66946
161 0.66945
162 0.66945
163 0.66946
164 0.66946
165 0.66947
166 0.66947
167 0.66947
168 0.66947
169 0.66947
170 0.66947
171 0.66947
172 0.66947
173 0.66947
174 0.66947
175 0.66947
176 0.66947
177 0.66947
178 0.66947
179 0.66947
180 0.66947
181 0.66947
182 0.66947
183 0.66947
184 0.66947
185 0.66947
186 0.66947
187 0.66947
188 0.66947
189 0.66947
190 0.66947
191 0.66947
192 0.66947
193 0.66947
194 0.66947
195 0.66947
196 0.66947
197 0.66947
198 0.66947
199 0.66947
200 0.66947
