1 0
2 0
3 0
4 0
5 0
6 0
7 0
8 0
9 0
10 0
11 0
12 0
13 0
14 0
15 0
16 0
17 0
18 0
19 0
20 0
21 0
22 0
23 0
24 0
25 0
26 0.23037
27 0.50546
28 0.73616
29 0.89487
30 0.98646
31 1.0285
32 1.0397
33 1.0354
34 1.0254
35 1.0153
36 1.0075
37 1.0024
38 0.99974
39 0.99865
40 0.9985
41 0.99878
42 0.99918
43 0.99954
44 0.9998
45 0.99995
46 1
47 1.0001
48 1.0001
49 1
50 1
51 1
52 1
53 1
54 1
55 1
56 1
57 1
58 1
59 1
60 1
61 1
62 1
63 1
64 1
65 1
66 1
67 1
68 1
69 1
70 1
71 1
72 1
73 1
74 1
75 1
76 1
77 1
78 1
79 1
80 1
81 1
82 1
83 1
84 1
85 1
86 1
87 1
88 1
89 1
90 1
91 1
92 1
93 1
94 1
95 1
96 1
97 1
98 1
99 1
100 1
101 1
102 1
103 1
104 1
105 1
106 1
107 1
108 1
109 1
110 1
111 1
112 1
113 1
114 1
115 1
116 1
117 1
118 1
119 1
120 1
121 1
122 1
123 1
124 0.99999
125 0.99999
126 0.99998
127 0.99997
128 0.99996
129 0.99995
130 0.99995
131 0.99994
132 0.99994
133 0.99994
134 0.99995
135 0.99995
136 0.99996
137 0.99998
138 1
139 1.0001
140 1.0002
141 1.0004
142 1.0007
143 1.0011
144 1.0014
145 1.0017
146 1.002
147 1.002
148 1.0018
149 1.0015
150 1.001
151 1.0006
152 1.0003
153 1.0001
154 0.99993
155 0.99988
156 0.99988
157 0.9999
158 0.99993
159 0.99996
160 0.99998
161 1
162 1
163 1
164 1
165 1
166 1
167 1
168 1
169 1
170 1
171 1
172 1
173 1
174 1
175 1
176 1
177 1
178 1
179 1
180 1
181 1
182 1
183 1
184 1
185 1
186 1
187 1
188 1
189 1
190 1
191 1
192 1
193 1
194 1
195 1
196 1
197 1
198 1
199 1
200 1
