33.62
33.62
33.62
33.62
33.62
33.62
33.62
33.62
33.62
33.62
33.62
33.62
33.62
33.62
33.62
33.68
33.62
33.68
33.68
33.68
33.68
33.68
33.68
33.68
33.68
33.68
33.68
33.68
33.68
33.68
33.68
33.68
33.68
33.68
33.68
33.68
33.68
33.68
33.68
33.68
33.68
33.75
33.68
33.75
33.75
33.75
33.75
33.75
33.75
33.75
33.75
33.75
33.75
33.75
33.75
33.75
33.75
33.68
33.68
33.75
33.75
33.75
33.75
33.81
33.75
33.81
33.81
33.81
33.81
33.81
33.81
33.81
33.87
33.87
33.81
33.87
33.87
33.87
33.87
33.87
33.87
33.87
33.87
33.87
33.87
33.87
33.87
33.87
33.87
33.93
33.87
33.87
33.93
33.93
33.93
33.93
33.93
34
34
34
34
34
34
34
34
34
34
34.06
34.06
34.06
34.06
34.06
34.06
34.06
34.12
34.06
34.12
34.12
34.12
34.12
34.12
34.12
34.12
34.12
34.12
34.12
34.18
34.18
34.18
34.18
34.18
34.18
34.25
34.25
34.25
34.25
34.25
34.25
34.25
34.25
34.25
34.25
34.31
34.31
34.31
34.31
34.31
34.31
34.37
34.37
34.37
34.37
34.37
34.37
34.37
34.37
34.37
34.43
34.37
34.37
34.43
34.43
34.43
34.43
34.5
34.5
34.5
34.5
34.5
34.5
34.5
34.5
34.5
34.5
34.5
34.5
34.5
34.5
34.5
34.5
34.5
34.5
34.56
34.56
34.56
34.56
34.56
34.56
34.56
34.56
34.56
34.56
34.56
34.56
34.56
34.56
34.56
34.56
34.56
34.56
34.5
34.5
34.5
34.5
34.5
34.5
34.56
34.5
34.56
34.56
34.56
34.56
34.56
34.56
34.56
34.56
34.56
34.56
34.56
34.56
34.62
34.62
34.56
34.62
34.56
34.56
34.62
34.62
34.62
34.62
34.62
34.62
34.62
34.62
34.62
34.62
34.62
34.62
34.62
34.62
34.62
34.62
34.62
34.62
34.62
34.68
34.68
34.68
34.62
34.62
34.62
34.62
34.62
34.62
34.62
34.62
34.62
34.62
34.62
34.62
34.56
34.62
34.62
34.62
34.62
34.56
34.62
34.62
34.62
34.62
34.62
34.68
34.68
34.68
34.68
34.68
34.68
34.75
34.75
34.68
34.75
34.75
34.75
34.75
34.75
34.75
34.75
34.81
34.81
34.81
34.81
34.81
34.75
34.75
34.75
34.75
34.75
34.75
34.75
34.75
34.75
34.75
34.75
34.75
34.75
34.75
34.75
34.75
34.75
34.75
34.75
34.75
34.75
34.68
34.68
34.68
34.68
34.68
34.68
34.68
34.68
34.68
34.75
34.68
34.75
34.68
34.68
34.68
34.68
34.68
34.68
34.68
34.68
34.68
34.68
34.68
34.68
34.68
34.68
34.68
34.68
34.68
34.68
34.68
34.68
34.68
34.68
34.68
34.68
34.75
