32.62
32.62
32.56
32.56
32.56
32.56
32.56
32.56
32.56
32.56
32.56
32.5
32.5
32.43
32.37
32.31
32.25
32.18
32.18
32.12
32.12
32.06
32.12
32.06
32.06
32
32
32
32
32
32
32
32
32
31.93
31.93
31.93
31.93
31.87
31.87
31.87
31.81
31.81
31.81
31.81
31.75
31.81
31.81
31.81
31.81
31.81
31.81
31.81
31.87
31.87
31.87
31.87
31.87
31.87
31.93
31.93
31.93
32
32
32
32
32
32
32
32
32
32
31.93
31.93
31.93
31.93
31.93
32
32
32
32
32
32.06
32.06
32
32
32
32
31.93
31.93
31.93
31.93
31.87
31.87
31.87
31.87
31.81
31.81
31.81
31.81
31.81
31.81
31.81
31.81
31.81
31.81
31.81
31.81
31.81
31.81
31.87
31.87
31.87
31.87
31.81
31.81
31.81
31.75
31.75
31.68
31.68
31.62
31.62
31.62
31.56
31.62
31.56
31.62
31.62
31.62
31.62
31.68
31.68
31.68
31.75
31.75
31.75
31.75
31.68
31.68
31.68
31.68
31.68
31.68
31.68
31.68
31.68
31.68
31.68
31.68
31.68
31.75
31.75
31.75
31.75
31.81
31.81
31.81
31.87
31.87
31.93
31.93
31.93
31.93
31.93
31.93
31.93
31.93
31.93
31.93
31.93
31.93
31.93
31.93
31.87
31.87
31.93
31.93
31.87
31.93
31.93
31.87
31.87
31.87
31.87
31.87
31.93
31.87
31.93
31.93
31.93
31.93
31.93
31.93
31.93
31.93
31.93
31.93
32
32
32
32
32
32
32
32
32
32
32
32
32.06
32.06
32.06
32.06
32.06
32
31.93
31.87
31.87
31.81
31.81
31.81
31.81
31.75
31.81
31.81
31.81
31.81
31.81
31.81
31.81
31.81
31.87
31.87
31.87
31.87
31.87
31.87
31.93
31.93
31.93
31.93
31.93
31.93
31.93
32
32
32
32
32
32
32
32
32
32.06
32.06
32.06
32.06
32.06
32.06
32.06
32.06
32.06
32.06
32.12
32.06
32.12
32.12
32.12
32.12
32.12
32.12
32.12
32.12
32.12
32.12
32.12
32.12
32.12
32.12
32.12
32.12
32.12
32.12
32.06
32.06
32.06
32.06
32.06
32.06
32.06
32.06
32.06
32
32
32
32
31.93
31.93
32
32
32
32
32
32
32
32.06
32.06
32.06
32.06
32.12
32.06
32.06
32.06
32
32
32
31.93
31.93
31.93
31.93
31.93
31.93
31.93
31.93
31.93
31.93
31.93
31.93
31.87
31.93
31.87
31.87
31.87
31.87
31.87
31.87
31.81
31.81
31.81
31.81
31.81
31.81
31.81
31.81
31.75
31.75
31.81
31.81
31.75
