0
0
0
0
0
0
0
0
0
0
0
0
0
8.4666e-05
0.00032207
0.00068984
0.0011686
0.0017415
0.0023941
0.0031137
0.0038895
0.004712
0.0055731
0.0064657
0.0073837
0.0083219
0.0092758
0.010241
0.011215
0.012195
0.013177
0.01416
0.015142
0.016122
0.017098
0.018068
0.019033
0.019991
0.020941
0.021883
0.022817
0.023741
0.024657
0.025562
0.026458
0.027344
0.02822
0.029086
0.029942
0.030788
0.031623
0.032448
0.033263
0.034068
0.034862
0.035647
0.036422
0.037187
0.037942
0.038687
0.039423
0.04015
0.040866
0.041574
0.042272
0.042962
0.043642
0.044314
0.044976
0.04563
0.046276
0.046913
0.047541
0.048162
0.048774
0.049378
0.049975
0.050563
0.051144
0.051717
0.052282
0.05284
0.053391
0.053935
0.054471
0.055
0.055522
0.056038
0.056546
0.057048
0.057544
0.058033
0.058515
0.058991
0.059461
0.059924
0.060382
0.060833
0.061279
0.061718
0.062152
0.06258
0.063003
0.063419
0.063831
0.064237
0.064637
0.065033
0.065423
0.065808
0.066188
0.066563
0.066933
0.067298
0.067658
0.068014
0.068365
0.068711
0.069053
0.06939
0.069722
0.070051
0.070375
0.070695
0.07101
0.071321
0.071629
0.071932
0.072231
0.072526
0.072818
0.073105
0.073389
0.073669
0.073946
0.074218
0.074487
0.074753
0.075015
0.075274
0.075529
0.075781
0.076029
0.076274
0.076516
0.076755
0.076991
0.077223
0.077453
0.077679
0.077903
0.078124
0.078341
0.078556
0.078768
0.078977
0.079183
0.079387
0.079588
0.079786
0.079982
0.080175
0.080366
0.080554
0.08074
0.080923
0.081104
0.081282
0.081458
0.081632
0.081803
0.081972
0.082139
0.082304
0.082467
0.082627
0.082785
0.082941
0.083096
0.083248
0.083398
0.083546
0.083692
0.083836
0.083979
0.084119
0.084258
0.084395
0.08453
0.084663
0.084795
0.084924
0.085052
0.085179
0.085303
0.085426
0.085548
0.085668
0.085786
0.085903
0.086018
0.086131
0.086243
0.086354
0.086463
0.086571
0.086677
0.086782
0.086886
0.086988
0.087089
0.087188
0.087287
0.087383
0.087479
0.087573
0.087667
0.087758
0.087849
0.087939
0.088027
0.088114
0.0882
0.088285
0.088369
0.088451
0.088533
0.088613
0.088693
0.088771
0.088849
0.088925
0.089
0.089075
0.089148
0.08922
0.089292
0.089362
0.089432
0.0895
0.089568
0.089635
0.089701
0.089766
0.08983
0.089894
0.089956
0.090018
0.090079
0.090139
0.090198
0.090257
0.090315
0.090372
0.090428
0.090483
0.090538
0.090592
0.090646
0.090698
0.09075
0.090801
0.090852
0.090902
0.090951
0.091
0.091048
0.091095
0.091142
0.091188
0.091233
0.091278
0.091323
0.091366
0.091409
0.091452
0.091494
0.091536
0.091576
0.091617
0.091657
0.091696
0.091735
0.091773
0.091811
0.091848
0.091885
0.091921
0.091957
0.091992
0.092027
0.092062
0.092096
0.092129
0.092162
0.092195
0.092227
0.092259
0.09229
0.092321
0.092352
0.092382
0.092412
0.092441
0.09247
0.092499
0.092527
0.092555
0.092582
0.09261
0.092636
0.092663
0.092689
0.092715
0.09274
0.092765
0.09279
0.092814
0.092838
0.092862
0.092885
0.092908
0.092931
0.092954
0.092976
0.092998
0.09302
0.093041
0.093062
0.093083
0.093103
0.093124
0.093144
0.093163
0.093183
0.093202
0.093221
0.09324
0.093258
0.093276
0.093294
0.093312
0.09333
0.093347
0.093364
0.093381
0.093397
0.093414
0.09343
0.093446
0.093462
0.093477
0.093492
0.093508
0.093523
0.093537
0.093552
0.093566
0.09358
0.093594
0.093608
0.093622
0.093635
0.093648
0.093661
0.093674
0.093687
0.0937
0.093712
0.093724
0.093736
0.093748
0.09376
0.093772
0.093783
0.093794
0.093806
0.093817
0.093827
0.093838
0.093849
0.093859
0.093869
0.09388
0.09389
0.0939
