0
0
0
0
0
0
0
0
0
0
0
0
0
0
0
0
0
0
0
0
0
0
0
0
0
0
0.0030611
0.0060894
0.0090851
0.012049
0.01498
0.017881
0.02075
0.023588
0.026396
0.029174
0.031921
0.03464
0.037329
0.039989
0.042621
0.045224
0.047799
0.050347
0.052868
0.055361
0.057827
0.060268
0.062681
0.065069
0.067432
0.069769
0.07208
0.074367
0.07663
0.078868
0.081082
0.083272
0.085439
0.087583
0.089703
0.091801
0.093876
0.095929
0.09796
0.099969
0.10196
0.10392
0.10587
0.10779
0.10969
0.11158
0.11344
0.11528
0.11711
0.11891
0.12069
0.12246
0.1242
0.12593
0.12764
0.12933
0.131
0.13266
0.13429
0.13591
0.13751
0.1391
0.14066
0.14222
0.14375
0.14527
0.14677
0.14825
0.14972
0.15117
0.15261
0.15403
0.15544
0.15683
0.15821
0.15957
0.16092
0.16225
0.16357
0.16487
0.16616
0.16744
0.1687
0.16995
0.17119
0.17241
0.17362
0.17482
0.176
0.17717
0.17833
0.17948
0.18061
0.18173
0.18284
0.18394
0.18502
0.1861
0.18716
0.18821
0.18925
0.19028
0.1913
0.1923
0.1933
0.19428
0.19526
0.19622
0.19718
0.19812
0.19905
0.19998
0.20089
0.20179
0.20269
0.20357
0.20445
0.20531
0.20617
0.20701
0.20785
0.20868
0.2095
0.21031
0.21111
0.21191
0.21269
0.21347
0.21424
0.215
0.21575
0.21649
0.21723
0.21796
0.21868
0.21939
0.2201
0.22079
0.22148
0.22216
0.22284
0.22351
0.22417
0.22482
0.22547
0.22611
0.22674
0.22737
0.22799
0.2286
0.2292
0.2298
0.2304
0.23098
0.23156
0.23214
0.23271
0.23327
0.23382
0.23437
0.23492
0.23545
0.23599
0.23651
0.23703
0.23755
0.23806
0.23856
0.23906
0.23956
0.24004
0.24053
0.24101
0.24148
0.24195
0.24241
0.24287
0.24332
0.24377
0.24421
0.24465
0.24508
0.24551
0.24593
0.24635
0.24677
0.24718
0.24759
0.24799
0.24839
0.24878
0.24917
0.24955
0.24994
0.25031
0.25068
0.25105
0.25142
0.25178
0.25214
0.25249
0.25284
0.25318
0.25353
0.25386
0.2542
0.25453
0.25486
0.25518
0.2555
0.25582
0.25613
0.25644
0.25675
0.25705
0.25735
0.25765
0.25794
0.25824
0.25852
0.25881
0.25909
0.25937
0.25964
0.25992
0.26018
0.26045
0.26072
0.26098
0.26123
0.26149
0.26174
0.26199
0.26224
0.26248
0.26273
0.26297
0.2632
0.26344
0.26367
0.2639
0.26413
0.26435
0.26457
0.26479
0.26501
0.26522
0.26544
0.26565
0.26585
0.26606
0.26626
0.26646
0.26666
0.26686
0.26706
0.26725
0.26744
0.26763
0.26782
0.268
0.26818
0.26836
0.26854
0.26872
0.26889
0.26907
0.26924
0.26941
0.26958
0.26974
0.26991
0.27007
0.27023
0.27039
0.27054
0.2707
0.27085
0.27101
0.27116
0.27131
0.27145
0.2716
0.27174
0.27189
0.27203
0.27217
0.2723
0.27244
0.27258
0.27271
0.27284
0.27297
0.2731
0.27323
0.27336
0.27348
0.27361
0.27373
0.27385
0.27397
0.27409
0.2742
0.27432
0.27444
0.27455
0.27466
0.27477
0.27488
0.27499
0.2751
0.27521
0.27531
0.27542
0.27552
0.27562
0.27572
0.27582
0.27592
0.27602
0.27611
0.27621
0.2763
0.2764
0.27649
0.27658
0.27667
0.27676
0.27685
0.27694
0.27703
0.27711
0.2772
0.27728
0.27736
0.27745
0.27753
0.27761
0.27769
0.27777
0.27784
0.27792
0.278
0.27807
0.27815
