1 0
2 0
3 0
4 0
5 0
6 0
7 0
8 0
9 0
10 0
11 0
12 0
13 0.052875
14 0.099535
15 0.14071
16 0.17704
17 0.2091
18 0.23738
19 0.26234
20 0.28435
21 0.30378
22 0.32091
23 0.33603
24 0.34936
25 0.36112
26 0.37148
27 0.38063
28 0.38869
29 0.3958
30 0.40207
31 0.4076
32 0.41247
33 0.41676
34 0.42054
35 0.42387
36 0.42681
37 0.42939
38 0.43167
39 0.43367
40 0.43544
41 0.43699
42 0.43836
43 0.43956
44 0.44062
45 0.44155
46 0.44236
47 0.44308
48 0.44371
49 0.44427
50 0.44475
51 0.44518
52 0.44555
53 0.44588
54 0.44616
55 0.44641
56 0.44663
57 0.44682
58 0.44699
59 0.44713
60 0.44726
61 0.44737
62 0.44746
63 0.44755
64 0.44762
65 0.44768
66 0.44773
67 0.44778
68 0.44782
69 0.44785
70 0.44788
71 0.44791
72 0.44793
73 0.44794
74 0.44796
75 0.44797
76 0.44798
77 0.44799
78 0.44799
79 0.448
80 0.448
81 0.44801
82 0.44801
83 0.44801
84 0.44801
85 0.44801
86 0.44801
87 0.44801
88 0.44801
89 0.448
90 0.448
91 0.448
92 0.448
93 0.448
94 0.448
95 0.44799
96 0.44799
97 0.44799
98 0.44799
99 0.44798
100 0.44798
101 0.44798
102 0.44798
103 0.44798
104 0.44797
105 0.44797
106 0.44797
107 0.44797
108 0.44797
109 0.44797
110 0.44796
111 0.44796
112 0.44796
113 0.44796
114 0.44796
115 0.44796
116 0.44796
117 0.44796
118 0.44795
119 0.44795
120 0.44795
121 0.44795
122 0.44795
123 0.44795
124 0.44795
125 0.44795
126 0.44795
127 0.44795
128 0.44795
129 0.44795
130 0.44795
131 0.44794
132 0.44794
133 0.44794
134 0.44794
135 0.44794
136 0.44794
137 0.44794
138 0.44794
139 0.44794
140 0.44794
141 0.44794
142 0.44794
143 0.44794
144 0.44794
145 0.44794
146 0.44794
147 0.44794
148 0.44794
149 0.44794
150 0.44794
151 0.44794
152 0.44794
153 0.44794
154 0.44794
155 0.44794
156 0.44794
157 0.44794
158 0.44794
159 0.44794
160 0.44794
161 0.44794
162 0.44794
163 0.44794
164 0.44794
165 0.44794
166 0.44794
167 0.44794
168 0.44794
169 0.44794
170 0.44794
171 0.44794
172 0.44794
173 0.44794
174 0.44794
175 0.44793
176 0.44793
177 0.44793
178 0.44793
179 0.44793
180 0.44793
181 0.44793
182 0.44793
183 0.44793
184 0.44793
185 0.44793
186 0.44793
187 0.44793
188 0.44793
189 0.44793
190 0.44793
191 0.44793
192 0.44793
193 0.44793
194 0.44793
195 0.44793
196 0.44793
197 0.44793
198 0.44793
199 0.44793
200 0.44793
