1 0
2 0
3 0
4 0
5 0
6 0
7 0
8 0
9 0
10 0
11 0
12 0
13 0.031725
14 0.059721
15 0.084425
16 0.10622
17 0.12546
18 0.14243
19 0.1574
20 0.17061
21 0.18227
22 0.19255
23 0.20162
24 0.20961
25 0.21667
26 0.22289
27 0.22838
28 0.23322
29 0.23748
30 0.24124
31 0.24456
32 0.24748
33 0.25005
34 0.25232
35 0.25432
36 0.25608
37 0.25764
38 0.259
39 0.2602
40 0.26126
41 0.2622
42 0.26302
43 0.26374
44 0.26437
45 0.26493
46 0.26542
47 0.26585
48 0.26623
49 0.26656
50 0.26685
51 0.26711
52 0.26733
53 0.26753
54 0.2677
55 0.26785
56 0.26798
57 0.26809
58 0.26819
59 0.26828
60 0.26836
61 0.26842
62 0.26848
63 0.26853
64 0.26857
65 0.26861
66 0.26864
67 0.26867
68 0.26869
69 0.26871
70 0.26873
71 0.26874
72 0.26876
73 0.26877
74 0.26877
75 0.26878
76 0.26879
77 0.26879
78 0.2688
79 0.2688
80 0.2688
81 0.2688
82 0.2688
83 0.2688
84 0.26881
85 0.26881
86 0.2688
87 0.2688
88 0.2688
89 0.2688
90 0.2688
91 0.2688
92 0.2688
93 0.2688
94 0.2688
95 0.2688
96 0.26879
97 0.26879
98 0.26879
99 0.26879
100 0.26879
101 0.26879
102 0.26879
103 0.26879
104 0.26878
105 0.26878
106 0.26878
107 0.26878
108 0.26878
109 0.26878
110 0.26878
111 0.26878
112 0.26878
113 0.26878
114 0.26878
115 0.26877
116 0.26877
117 0.26877
118 0.26877
119 0.26877
120 0.26877
121 0.26877
122 0.26877
123 0.26877
124 0.26877
125 0.26877
126 0.26877
127 0.26877
128 0.26877
129 0.26877
130 0.26877
131 0.26877
132 0.26877
133 0.26877
134 0.26877
135 0.26877
136 0.26877
137 0.26877
138 0.26876
139 0.26876
140 0.26876
141 0.26876
142 0.26876
143 0.26876
144 0.26876
145 0.26876
146 0.26876
147 0.26876
148 0.26876
149 0.26876
150 0.26876
151 0.26876
152 0.26876
153 0.26876
154 0.26876
155 0.26876
156 0.26876
157 0.26876
158 0.26876
159 0.26876
160 0.26876
161 0.26876
162 0.26876
163 0.26876
164 0.26876
165 0.26876
166 0.26876
167 0.26876
168 0.26876
169 0.26876
170 0.26876
171 0.26876
172 0.26876
173 0.26876
174 0.26876
175 0.26876
176 0.26876
177 0.26876
178 0.26876
179 0.26876
180 0.26876
181 0.26876
182 0.26876
183 0.26876
184 0.26876
185 0.26876
186 0.26876
187 0.26876
188 0.26876
189 0.26876
190 0.26876
191 0.26876
192 0.26876
193 0.26876
194 0.26876
195 0.26876
196 0.26876
197 0.26876
198 0.26876
199 0.26876
200 0.26876
