1 0
2 0
3 0
4 0
5 0
6 0
7 0
8 0
9 0
10 0
11 0
12 0
13 -0.010575
14 -0.019907
15 -0.028142
16 -0.035408
17 -0.041819
18 -0.047476
19 -0.052467
20 -0.056871
21 -0.060755
22 -0.064182
23 -0.067205
24 -0.069871
25 -0.072223
26 -0.074297
27 -0.076126
28 -0.077739
29 -0.07916
30 -0.080414
31 -0.081519
32 -0.082493
33 -0.083352
34 -0.084108
35 -0.084774
36 -0.085362
37 -0.085879
38 -0.086334
39 -0.086735
40 -0.087088
41 -0.087399
42 -0.087672
43 -0.087912
44 -0.088124
45 -0.08831
46 -0.088473
47 -0.088616
48 -0.088742
49 -0.088853
50 -0.08895
51 -0.089035
52 -0.08911
53 -0.089175
54 -0.089232
55 -0.089282
56 -0.089326
57 -0.089364
58 -0.089398
59 -0.089427
60 -0.089452
61 -0.089474
62 -0.089493
63 -0.08951
64 -0.089524
65 -0.089536
66 -0.089547
67 -0.089556
68 -0.089564
69 -0.089571
70 -0.089576
71 -0.089581
72 -0.089585
73 -0.089589
74 -0.089592
75 -0.089594
76 -0.089596
77 -0.089598
78 -0.089599
79 -0.0896
80 -0.089601
81 -0.089601
82 -0.089601
83 -0.089602
84 -0.089602
85 -0.089602
86 -0.089602
87 -0.089601
88 -0.089601
89 -0.089601
90 -0.089601
91 -0.0896
92 -0.0896
93 -0.089599
94 -0.089599
95 -0.089599
96 -0.089598
97 -0.089598
98 -0.089597
99 -0.089597
100 -0.089597
101 -0.089596
102 -0.089596
103 -0.089595
104 -0.089595
105 -0.089595
106 -0.089594
107 -0.089594
108 -0.089594
109 -0.089593
110 -0.089593
111 -0.089593
112 -0.089592
113 -0.089592
114 -0.089592
115 -0.089592
116 -0.089591
117 -0.089591
118 -0.089591
119 -0.089591
120 -0.089591
121 -0.08959
122 -0.08959
123 -0.08959
124 -0.08959
125 -0.08959
126 -0.08959
127 -0.089589
128 -0.089589
129 -0.089589
130 -0.089589
131 -0.089589
132 -0.089589
133 -0.089589
134 -0.089589
135 -0.089589
136 -0.089588
137 -0.089588
138 -0.089588
139 -0.089588
140 -0.089588
141 -0.089588
142 -0.089588
143 -0.089588
144 -0.089588
145 -0.089588
146 -0.089588
147 -0.089588
148 -0.089588
149 -0.089588
150 -0.089588
151 -0.089588
152 -0.089587
153 -0.089587
154 -0.089587
155 -0.089587
156 -0.089587
157 -0.089587
158 -0.089587
159 -0.089587
160 -0.089587
161 -0.089587
162 -0.089587
163 -0.089587
164 -0.089587
165 -0.089587
166 -0.089587
167 -0.089587
168 -0.089587
169 -0.089587
170 -0.089587
171 -0.089587
172 -0.089587
173 -0.089587
174 -0.089587
175 -0.089587
176 -0.089587
177 -0.089587
178 -0.089587
179 -0.089587
180 -0.089587
181 -0.089587
182 -0.089587
183 -0.089587
184 -0.089587
185 -0.089587
186 -0.089587
187 -0.089587
188 -0.089587
189 -0.089587
190 -0.089587
191 -0.089587
192 -0.089587
193 -0.089587
194 -0.089587
195 -0.089587
196 -0.089587
197 -0.089587
198 -0.089587
199 -0.089587
200 -0.089587
