1 0
2 0
3 0
4 0
5 0
6 0
7 0
8 0
9 0
10 0
11 0
12 0
13 0
14 0
15 0
16 0
17 0
18 0
19 0
20 0
21 2.9955
22 3.7306
23 3.3369
24 2.5549
25 1.7881
26 1.2046
27 0.83331
28 0.63769
29 0.56173
30 0.55409
31 0.57725
32 0.60815
33 0.63526
34 0.65451
35 0.66602
36 0.6716
37 0.67339
38 0.67317
39 0.67215
40 0.67104
41 0.67016
42 0.66957
43 0.66926
44 0.66914
45 0.66913
46 0.66918
47 0.66924
48 0.6693
49 0.66934
50 0.66937
51 0.66939
52 0.66941
53 0.66941
54 0.66942
55 0.66942
56 0.66943
57 0.66943
58 0.66944
59 0.66944
60 0.66944
61 0.66945
62 0.66945
63 0.66945
64 0.66945
65 0.66946
66 0.66946
67 0.66946
68 0.66946
69 0.66946
70 0.66946
71 0.66946
72 0.66946
73 0.66946
74 0.66947
75 0.66947
76 0.66947
77 0.66947
78 0.66947
79 0.66947
80 0.66947
81 0.66947
82 0.66947
83 0.66947
84 0.66947
85 0.66947
86 0.66947
87 0.66947
88 0.66947
89 0.66947
90 0.66947
91 0.66947
92 0.66947
93 0.66947
94 0.66947
95 0.66947
96 0.66947
97 0.66947
98 0.66947
99 0.66947
100 0.66947
101 0.66947
102 0.66947
103 0.66947
104 0.66947
105 0.66947
106 0.66947
107 0.66947
108 0.66947
109 0.66947
110 0.66947
111 0.66947
112 0.66947
113 0.66947
114 0.66947
115 0.66947
116 0.66947
117 0.66946
118 0.66944
119 0.66941
120 0.66938
121 0.66936
122 -0.49157
123 -0.95672
124 -1.3242
125 -1.2173
126 -0.92671
127 -0.61913
128 -0.36984
129 -0.19803
130 -0.094527
131 -0.040198
132 -0.015985
133 -0.0071569
134 -0.0041385
135 -0.0017073
136 0.0022812
137 0.0080325
138 0.014586
139 0.021017
140 0.026807
141 0.031815
142 0.034638
143 0.036262
144 0.037888
145 0.040159
146 0.043131
147 0.04651
148 0.049911
149 0.053024
150 0.055677
151 0.057828
152 0.059524
153 0.060853
154 0.061914
155 0.062788
156 0.063539
157 0.064204
158 0.064806
159 0.065357
160 0.06586
161 0.066317
162 0.066731
163 0.06712
164 0.067519
165 0.067977
166 0.068536
167 0.069205
168 0.069918
169 0.070474
170 0.070823
171 0.070995
172 0.071044
173 0.070363
174 0.069576
175 0.068966
176 0.068608
177 0.068471
178 0.068488
179 0.068591
180 0.068728
181 0.068868
182 0.068994
183 0.0691
184 0.069187
185 0.069257
186 0.069314
187 0.069361
188 0.069402
189 0.069438
190 0.069469
191 0.069497
192 0.069522
193 0.069544
194 0.069564
195 0.069582
196 0.069597
197 0.069611
198 0.069623
199 0.069634
200 0.069643
