1 0
2 0
3 0
4 0
5 0
6 0
7 0
8 0
9 0
10 0
11 0
12 0
13 0
14 0
15 0
16 0
17 0
18 0
19 0
20 0
21 0
22 0
23 0
24 0
25 0
26 0.23037
27 0.50546
28 0.73616
29 0.89487
30 0.98646
31 1.0285
32 1.0397
33 1.0354
34 1.0254
35 1.0153
36 1.0075
37 1.0024
38 0.99974
39 0.99865
40 0.9985
41 0.99878
42 0.99918
43 0.99954
44 0.9998
45 0.99995
46 1
47 1.0001
48 1.0001
49 1
50 1
51 1
52 1
53 1
54 1
55 1
56 1
57 1
58 1
59 1
60 1
61 1
62 1
63 1
64 1
65 1
66 1
67 1
68 1
69 1
70 1
71 1
72 1
73 1
74 1
75 1
76 1
77 1
78 1
79 1
80 1
81 1
82 1
83 1
84 1
85 1
86 1
87 1
88 1
89 1
90 1
91 1
92 1
93 1
94 1
95 1
96 1
97 1
98 1
99 1
100 1
101 1
102 1
103 1
104 1
105 1
106 1
107 1
108 1
109 1
110 1
111 1
112 1
113 1
114 1
115 1
116 1
117 1
118 1
119 1
120 1
121 1
122 1
123 1
124 1.1057
125 1.1991
126 1.2814
127 1.2648
128 1.2084
129 1.1224
130 1.0453
131 0.99118
132 0.96057
133 0.94813
134 0.94727
135 0.9524
136 0.95969
137 0.9669
138 0.97304
139 0.97788
140 0.98159
141 0.98447
142 0.98681
143 0.98879
144 0.99051
145 0.99202
146 0.99332
147 0.99433
148 0.99502
149 0.99545
150 0.99572
151 0.99594
152 0.99616
153 0.99643
154 0.99673
155 0.99705
156 0.99738
157 0.9977
158 0.99799
159 0.99824
160 0.99846
161 0.99865
162 0.99881
163 0.99895
164 0.99907
165 0.99918
166 0.99927
167 0.99936
168 0.99943
169 0.99951
170 0.99959
171 0.99969
172 0.99981
173 0.99997
174 1.0001
175 1.0003
176 1.0005
177 1.0007
178 1.0007
179 1.0008
180 1.0007
181 1.0006
182 1.0006
183 1.0005
184 1.0004
185 1.0003
186 1.0003
187 1.0002
188 1.0002
189 1.0001
190 1.0001
191 1.0001
192 1.0001
193 1.0001
194 1
195 1
196 1
197 1
198 1
199 1
200 0.99999
