1 2.2
2 2.2
3 2.2
4 2.2
5 2.2
6 2.2
7 2.2
8 2.2
9 2.2
10 2.2
11 2.2
12 2.2
13 2.2
14 2.2
15 2.2
16 2.2
17 2.2
18 2.2
19 2.2
20 2.2
21 2.2
22 2.2
23 2.2
24 2.2
25 2.2
26 2.2
27 2.2
28 2.2
29 2.2
30 2.2
31 2.2002
32 2.2008
33 2.2022
34 2.2046
35 2.2081
36 2.2128
37 2.2184
38 2.225
39 2.2322
40 2.24
41 2.2483
42 2.2569
43 2.2659
44 2.275
45 2.2844
46 2.2938
47 2.3032
48 2.3126
49 2.322
50 2.3313
51 2.3405
52 2.3496
53 2.3585
54 2.3672
55 2.3758
56 2.3841
57 2.3923
58 2.4002
59 2.4079
60 2.4153
61 2.4225
62 2.4295
63 2.4363
64 2.4427
65 2.4489
66 2.4547
67 2.4602
68 2.4653
69 2.4701
70 2.4744
71 2.4784
72 2.482
73 2.4852
74 2.488
75 2.4905
76 2.4927
77 2.4946
78 2.4962
79 2.4976
80 2.4987
81 2.4996
82 2.5004
83 2.5009
84 2.5014
85 2.5017
86 2.5019
87 2.502
88 2.5021
89 2.5021
90 2.502
91 2.5019
92 2.5018
93 2.5017
94 2.5016
95 2.5014
96 2.5013
97 2.5011
98 2.501
99 2.5009
100 2.5007
101 2.5006
102 2.5005
103 2.5004
104 2.5003
105 2.5003
106 2.5002
107 2.5001
108 2.5001
109 2.5
110 2.5
111 2.5
112 2.5
113 2.4999
114 2.4999
115 2.4999
116 2.4999
117 2.4999
118 2.4999
119 2.4999
120 2.4999
121 2.4999
122 2.4999
123 2.4999
124 2.4999
125 2.5
126 2.5
127 2.5
128 2.5
129 2.5
130 2.5
131 2.5
132 2.5
133 2.5
134 2.5
135 2.5001
136 2.5001
137 2.5001
138 2.5002
139 2.5002
140 2.5002
141 2.5003
142 2.5003
143 2.5004
144 2.5004
145 2.5005
146 2.5005
147 2.5006
148 2.5006
149 2.5007
150 2.5008
151 2.5008
152 2.5009
153 2.501
154 2.501
155 2.5011
156 2.5011
157 2.5012
158 2.5012
159 2.5013
160 2.5013
161 2.5013
162 2.5013
163 2.5014
164 2.5014
165 2.5014
166 2.5013
167 2.5013
168 2.5013
169 2.5013
170 2.5012
171 2.5012
172 2.5012
173 2.5011
174 2.5011
175 2.501
176 2.501
177 2.5009
178 2.5009
179 2.5008
180 2.5007
181 2.5007
182 2.5006
183 2.5006
184 2.5005
185 2.5005
186 2.5004
187 2.5004
188 2.5003
189 2.5003
190 2.5002
191 2.5002
192 2.5001
193 2.5001
194 2.5001
195 2.5
196 2.5
197 2.5
198 2.5
199 2.4999
200 2.4999
201 2.4999
202 2.4999
203 2.4999
204 2.4999
205 2.4999
206 2.4999
207 2.4999
208 2.4999
209 2.4999
210 2.4999
211 2.4999
212 2.4999
213 2.4999
214 2.4999
215 2.4999
216 2.4999
217 2.4999
218 2.4999
219 2.4999
220 2.5
221 2.5
222 2.5
223 2.5
224 2.5
225 2.5
226 2.5
227 2.5
228 2.5
229 2.5
230 2.5
231 2.5
232 2.5
233 2.5
234 2.5
235 2.5
236 2.5
237 2.5
238 2.5
239 2.5
240 2.5
241 2.5
242 2.5
243 2.5
244 2.5
245 2.5
246 2.5
247 2.5
248 2.5
249 2.5
250 2.5
251 2.5
252 2.5
253 2.5
254 2.5
255 2.5
256 2.5
257 2.5
258 2.5
259 2.5
260 2.5
261 2.5
262 2.5
263 2.5
264 2.5
265 2.5
266 2.5
267 2.5
268 2.5
269 2.5
270 2.5
271 2.5
272 2.5
273 2.5
274 2.5
275 2.5
276 2.5
277 2.5
278 2.5
279 2.5
280 2.5
281 2.5
282 2.5
283 2.5
284 2.5
285 2.5
286 2.5
287 2.5
288 2.5
289 2.5
290 2.5
291 2.5
292 2.5
293 2.5
294 2.5
295 2.5
296 2.5
297 2.5
298 2.5
299 2.5
300 2.5
301 2.5
302 2.5
303 2.5
304 2.5
305 2.5
306 2.5
307 2.5
308 2.5
309 2.5
310 2.5
311 2.5
312 2.5
313 2.5
314 2.5
315 2.5
316 2.5
317 2.5
318 2.5
319 2.5
320 2.5
321 2.5
322 2.5
323 2.5
324 2.5
325 2.5
326 2.5
327 2.5
328 2.5
329 2.5
330 2.5
331 2.5
332 2.5
333 2.5
334 2.5
335 2.5
336 2.5
337 2.5
338 2.5
339 2.5
340 2.5
341 2.5
342 2.5
343 2.5
344 2.5
345 2.5
346 2.5
347 2.5
348 2.5
349 2.5
350 2.5
351 2.5
352 2.5
353 2.5
354 2.5
355 2.5
356 2.5
357 2.5
358 2.5
359 2.5
360 2.5
361 2.5
362 2.5
363 2.5
364 2.5
365 2.5
366 2.5
367 2.5
368 2.5
369 2.5
370 2.5
371 2.5
372 2.5
373 2.5
374 2.5
375 2.5
376 2.5
377 2.5
378 2.5
379 2.5
380 2.5
381 2.5
382 2.5
383 2.5
384 2.5
385 2.5
386 2.5
387 2.5
388 2.5
389 2.5
390 2.5
391 2.5
392 2.5
393 2.5
394 2.5
395 2.5
396 2.5
397 2.5
398 2.5
399 2.5
400 2.5
401 2.5
402 2.5
403 2.5
404 2.5
405 2.5
406 2.5
407 2.5
408 2.5
409 2.5
410 2.5
411 2.5
412 2.5
413 2.5
414 2.5
415 2.5
416 2.5
417 2.5
418 2.5
419 2.5
420 2.5
421 2.5
422 2.5
423 2.5
424 2.5
425 2.5
426 2.5
427 2.5
428 2.5
429 2.5
430 2.5
431 2.5
432 2.5
433 2.5
434 2.5
435 2.5
436 2.5
437 2.5
438 2.5
439 2.5
440 2.5
441 2.5
442 2.5
443 2.5
444 2.5
445 2.5
446 2.5
447 2.5
448 2.5
449 2.5
450 2.5
451 2.5
452 2.5
453 2.5
454 2.5
455 2.5
456 2.5
457 2.5
458 2.5
459 2.5
460 2.5
461 2.5
462 2.5
463 2.5
464 2.5
465 2.5
466 2.5
467 2.5
468 2.5
469 2.5
470 2.5
471 2.5
472 2.5
473 2.5
474 2.5
475 2.5
476 2.5
477 2.5
478 2.5
479 2.5
480 2.5
481 2.5
482 2.5
483 2.5
484 2.5
485 2.5
486 2.5
487 2.5
488 2.5
489 2.5
490 2.5
491 2.5
492 2.5
493 2.5
494 2.5
495 2.5
496 2.5
497 2.5
498 2.5
499 2.5
500 2.5
501 2.5
502 2.5
503 2.5
504 2.5
505 2.5
506 2.5
507 2.5
508 2.5
509 2.5
510 2.5
511 2.5
512 2.5
513 2.5
514 2.5
515 2.5
516 2.5
517 2.5
518 2.5
519 2.5
520 2.5
521 2.5
522 2.5
523 2.5
524 2.5
525 2.5
526 2.5
527 2.5
528 2.5
529 2.5
530 2.5
531 2.5
532 2.5
533 2.5
534 2.5
535 2.5
536 2.5
537 2.5
538 2.5
539 2.5
540 2.5
541 2.5
542 2.5
543 2.5
544 2.5
545 2.5
546 2.5
547 2.5
548 2.5
549 2.5
550 2.5
551 2.5
552 2.5
553 2.5
554 2.5
555 2.5
556 2.5
557 2.5
558 2.5
559 2.5
560 2.5
561 2.5
562 2.5
563 2.5
564 2.5
565 2.5
566 2.5
567 2.5
568 2.5
569 2.5
570 2.5
571 2.5
572 2.5
573 2.5
574 2.5
575 2.5
576 2.5
577 2.5
578 2.5
579 2.5
580 2.5
581 2.5
582 2.5
583 2.5
584 2.5
585 2.5
586 2.5
587 2.5
588 2.5
589 2.5
590 2.5
591 2.5
592 2.5
593 2.5
594 2.5
595 2.5
596 2.5
597 2.5
598 2.5
599 2.5
600 2.5
601 2.5
602 2.5
603 2.5
604 2.5
605 2.5
606 2.5
607 2.5
608 2.5
609 2.5
610 2.5
611 2.5
612 2.5
613 2.5
614 2.5
615 2.5
616 2.5
617 2.5
618 2.5
619 2.5
620 2.5
621 2.5
622 2.5
623 2.5
624 2.5
625 2.5
626 2.5
627 2.5
628 2.5
629 2.5
630 2.5
631 2.5
632 2.5
633 2.5
634 2.5
635 2.5
636 2.5
637 2.5
638 2.5
639 2.5
640 2.5
641 2.5
642 2.5
643 2.5
644 2.5
645 2.5
646 2.5
647 2.5
648 2.5
649 2.5
650 2.5
651 2.5
652 2.5
653 2.5
654 2.5
655 2.5
656 2.5
657 2.5
658 2.5
659 2.5
660 2.5
661 2.5
662 2.5
663 2.5
664 2.5
665 2.5
666 2.5
667 2.5
668 2.5
669 2.5
670 2.5
671 2.5
672 2.5
673 2.5
674 2.5
675 2.5
676 2.5
677 2.5
678 2.5
679 2.5
680 2.5
681 2.5
682 2.5
683 2.5
684 2.5
685 2.5
686 2.5
687 2.5
688 2.5
689 2.5
690 2.5
691 2.5
692 2.5
693 2.5
694 2.5
695 2.5
696 2.5
697 2.5
698 2.5
699 2.5
700 2.5
701 2.5
702 2.5
703 2.5
704 2.5
705 2.5
706 2.5
707 2.5
708 2.5
709 2.5
710 2.5
711 2.5
712 2.5
713 2.5
714 2.5
715 2.5
716 2.5
717 2.5
718 2.5
719 2.5
720 2.5
721 2.5
722 2.5
723 2.5
724 2.5
725 2.5
726 2.5
727 2.5
728 2.5
729 2.5
730 2.5
731 2.5
732 2.5
733 2.5
734 2.5
735 2.5
736 2.5
737 2.5
738 2.5
739 2.5
740 2.5
741 2.5
742 2.5
743 2.5
744 2.5
745 2.5
746 2.5
747 2.5
748 2.5
749 2.5
750 2.5
751 2.5
752 2.5
753 2.5
754 2.5
755 2.5
756 2.5
757 2.5
758 2.5
759 2.5
760 2.5
761 2.5
762 2.5
763 2.5
764 2.5
765 2.5
766 2.5
767 2.5
768 2.5
769 2.5
770 2.5
771 2.5
772 2.5
773 2.5
774 2.5
775 2.5
776 2.5
777 2.5
778 2.5
779 2.5
780 2.5
781 2.5
782 2.5
783 2.5
784 2.5
785 2.5
786 2.5
787 2.5
788 2.5
789 2.5
790 2.5
791 2.5
792 2.5
793 2.5
794 2.5
795 2.5
796 2.5
797 2.5
798 2.5
799 2.5
800 2.5
801 2.5
802 2.5
803 2.5
804 2.5
805 2.5
806 2.5
807 2.5
808 2.5
809 2.5
810 2.5
811 2.5
812 2.5
813 2.5
814 2.5
815 2.5
816 2.5
817 2.5
818 2.5
819 2.5
820 2.5
821 2.5
822 2.5
823 2.5
824 2.5
825 2.5
826 2.5
827 2.5
828 2.5
829 2.5
830 2.5
831 2.5
832 2.5
833 2.5
834 2.5
835 2.5
836 2.5
837 2.5
838 2.5
839 2.5
840 2.5
841 2.5
842 2.5
843 2.5
844 2.5
845 2.5
846 2.5
847 2.5
848 2.5
849 2.5
850 2.5
851 2.5
852 2.5
853 2.5
854 2.5
855 2.5
856 2.5
857 2.5
858 2.5
859 2.5
860 2.5
861 2.5
862 2.5
863 2.5
864 2.5
865 2.5
866 2.5
867 2.5
868 2.5
869 2.5
870 2.5
871 2.5
872 2.5
873 2.5
874 2.5
875 2.5
876 2.5
877 2.5
878 2.5
879 2.5
880 2.5
881 2.5
882 2.5
883 2.5
884 2.5
885 2.5
886 2.5
887 2.5
888 2.5
889 2.5
890 2.5
891 2.5
892 2.5
893 2.5
894 2.5
895 2.5
896 2.5
897 2.5
898 2.5
899 2.5
900 2.5
901 2.5
902 2.5
903 2.5
904 2.5
905 2.5
906 2.5
907 2.5
908 2.5
909 2.5
910 2.5
911 2.5
912 2.5
913 2.5
914 2.5
915 2.5
916 2.5
917 2.5
918 2.5
919 2.5
920 2.5
921 2.5
922 2.5
923 2.5
924 2.5
925 2.5
926 2.5
927 2.5
928 2.5
929 2.5
930 2.5
931 2.5
932 2.5
933 2.5
934 2.5
935 2.5
936 2.5
937 2.5
938 2.5
939 2.5
940 2.5
941 2.5
942 2.5
943 2.5
944 2.5
945 2.5
946 2.5
947 2.5
948 2.5
949 2.5
950 2.5
951 2.5
952 2.5
953 2.5
954 2.5
955 2.5
956 2.5
957 2.5
958 2.5
959 2.5
960 2.5
961 2.5
962 2.5
963 2.5
964 2.5
965 2.5
966 2.5
967 2.5
968 2.5
969 2.5
970 2.5
971 2.5
972 2.5
973 2.5
974 2.5
975 2.5
976 2.5
977 2.5
978 2.5
979 2.5
980 2.5
981 2.5
982 2.5
983 2.5
984 2.5
985 2.5
986 2.5
987 2.5
988 2.5
989 2.5
990 2.5
991 2.5
992 2.5
993 2.5
994 2.5
995 2.5
996 2.5
997 2.5
998 2.5
999 2.5
1000 2.5
1001 2.5
1002 2.5
1003 2.5
1004 2.5
1005 2.5
1006 2.5
1007 2.5
1008 2.5
1009 2.5
1010 2.5
1011 2.4998
1012 2.4992
1013 2.4979
1014 2.4957
1015 2.4928
1016 2.4892
1017 2.4849
1018 2.4801
1019 2.4749
1020 2.4694
1021 2.4637
1022 2.458
1023 2.4523
1024 2.4468
1025 2.4415
1026 2.4364
1027 2.4316
1028 2.4271
1029 2.423
1030 2.4193
1031 2.4159
1032 2.4129
1033 2.4102
1034 2.4079
1035 2.4058
1036 2.4041
1037 2.4026
1038 2.4014
1039 2.4004
1040 2.3996
1041 2.399
1042 2.3985
1043 2.3981
1044 2.3979
1045 2.3978
1046 2.3977
1047 2.3977
1048 2.3977
1049 2.3978
1050 2.3979
1051 2.3981
1052 2.3982
1053 2.3984
1054 2.3986
1055 2.3987
1056 2.3989
1057 2.399
1058 2.3992
1059 2.3993
1060 2.3994
1061 2.3995
1062 2.3996
1063 2.3997
1064 2.3998
1065 2.3998
1066 2.3999
1067 2.3999
1068 2.4
1069 2.4
1070 2.4
1071 2.4001
1072 2.4001
1073 2.4001
1074 2.4001
1075 2.4001
1076 2.4001
1077 2.4001
1078 2.4001
1079 2.4001
1080 2.4001
1081 2.4001
1082 2.4001
1083 2.4001
1084 2.4
1085 2.4
1086 2.4
1087 2.4
1088 2.4
1089 2.4
1090 2.4
1091 2.4
1092 2.4
1093 2.4
1094 2.4
1095 2.4
1096 2.4
1097 2.4
1098 2.4
1099 2.4
1100 2.4
1101 2.4
1102 2.4
1103 2.4
1104 2.4
1105 2.4
1106 2.4
1107 2.4
1108 2.4
1109 2.4
1110 2.4
1111 2.4
1112 2.4
1113 2.4
1114 2.4
1115 2.3999
1116 2.3999
1117 2.3999
1118 2.3999
1119 2.3999
1120 2.3998
1121 2.3998
1122 2.3998
1123 2.3997
1124 2.3997
1125 2.3997
1126 2.3997
1127 2.3996
1128 2.3996
1129 2.3996
1130 2.3995
1131 2.3995
1132 2.3995
1133 2.3995
1134 2.3994
1135 2.3994
1136 2.3994
1137 2.3994
1138 2.3994
1139 2.3994
1140 2.3994
1141 2.3994
1142 2.3994
1143 2.3994
1144 2.3995
1145 2.3995
1146 2.3995
1147 2.3996
1148 2.3996
1149 2.3996
1150 2.3997
1151 2.3997
1152 2.3998
1153 2.3998
1154 2.3998
1155 2.3999
1156 2.3999
1157 2.3999
1158 2.4
1159 2.4
1160 2.4
1161 2.4
1162 2.4001
1163 2.4001
1164 2.4001
1165 2.4001
1166 2.4001
1167 2.4001
1168 2.4001
1169 2.4001
1170 2.4001
1171 2.4001
1172 2.4001
1173 2.4001
1174 2.4001
1175 2.4001
1176 2.4001
1177 2.4001
1178 2.4001
1179 2.4
1180 2.4
1181 2.4
1182 2.4
1183 2.4
1184 2.4
1185 2.4
1186 2.4
1187 2.4
1188 2.4
1189 2.4
1190 2.4
1191 2.4
1192 2.4
1193 2.4
1194 2.4
1195 2.4
1196 2.4
1197 2.4
1198 2.4
1199 2.4
1200 2.4
1201 2.4
1202 2.4
1203 2.4
1204 2.4
1205 2.4
1206 2.4
1207 2.4
1208 2.4
1209 2.4
1210 2.4
1211 2.4
1212 2.4
1213 2.4
1214 2.4
1215 2.4
1216 2.4
1217 2.4
1218 2.4
1219 2.4
1220 2.4
1221 2.4
1222 2.4
1223 2.4
1224 2.4
1225 2.4
1226 2.4
1227 2.4
1228 2.4
1229 2.4
1230 2.4
1231 2.4
1232 2.4
1233 2.4
1234 2.4
1235 2.4
1236 2.4
1237 2.4
1238 2.4
1239 2.4
1240 2.4
1241 2.4
1242 2.4
1243 2.4
1244 2.4
1245 2.4
1246 2.4
1247 2.4
1248 2.4
1249 2.4
1250 2.4
1251 2.4
1252 2.4
1253 2.4
1254 2.4
1255 2.4
1256 2.4
1257 2.4
1258 2.4
1259 2.4
1260 2.4
1261 2.4
1262 2.4
1263 2.4
1264 2.4
1265 2.4
1266 2.4
1267 2.4
1268 2.4
1269 2.4
1270 2.4
1271 2.4
1272 2.4
1273 2.4
1274 2.4
1275 2.4
1276 2.4
1277 2.4
1278 2.4
1279 2.4
1280 2.4
1281 2.4
1282 2.4
1283 2.4
1284 2.4
1285 2.4
1286 2.4
1287 2.4
1288 2.4
1289 2.4
1290 2.4
1291 2.4
1292 2.4
1293 2.4
1294 2.4
1295 2.4
1296 2.4
1297 2.4
1298 2.4
1299 2.4
1300 2.4
1301 2.4
1302 2.4
1303 2.4
1304 2.4
1305 2.4
1306 2.4
1307 2.4
1308 2.4
1309 2.4
1310 2.4
1311 2.4
1312 2.4
1313 2.4
1314 2.4
1315 2.4
1316 2.4
1317 2.4
1318 2.4
1319 2.4
1320 2.4
1321 2.4
1322 2.4
1323 2.4
1324 2.4
1325 2.4
1326 2.4
1327 2.4
1328 2.4
1329 2.4
1330 2.4
1331 2.4
1332 2.4
1333 2.4
1334 2.4
1335 2.4
1336 2.4
1337 2.4
1338 2.4
1339 2.4
1340 2.4
1341 2.4
1342 2.4
1343 2.4
1344 2.4
1345 2.4
1346 2.4
1347 2.4
1348 2.4
1349 2.4
1350 2.4
1351 2.4
1352 2.4
1353 2.4
1354 2.4
1355 2.4
1356 2.4
1357 2.4
1358 2.4
1359 2.4
1360 2.4
1361 2.4
1362 2.4
1363 2.4
1364 2.4
1365 2.4
1366 2.4
1367 2.4
1368 2.4
1369 2.4
1370 2.4
1371 2.4
1372 2.4
1373 2.4
1374 2.4
1375 2.4
1376 2.4
1377 2.4
1378 2.4
1379 2.4
1380 2.4
1381 2.4
1382 2.4
1383 2.4
1384 2.4
1385 2.4
1386 2.4
1387 2.4
1388 2.4
1389 2.4
1390 2.4
1391 2.4
1392 2.4
1393 2.4
1394 2.4
1395 2.4
1396 2.4
1397 2.4
1398 2.4
1399 2.4
1400 2.4
1401 2.4
1402 2.4
1403 2.4
1404 2.4
1405 2.4
1406 2.4
1407 2.4
1408 2.4
1409 2.4
1410 2.4
1411 2.4
1412 2.4
1413 2.4
1414 2.4
1415 2.4
1416 2.4
1417 2.4
1418 2.4
1419 2.4
1420 2.4
1421 2.4
1422 2.4
1423 2.4
1424 2.4
1425 2.4
1426 2.4
1427 2.4
1428 2.4
1429 2.4
1430 2.4
1431 2.4
1432 2.4
1433 2.4
1434 2.4
1435 2.4
1436 2.4
1437 2.4
1438 2.4
1439 2.4
1440 2.4
1441 2.4
1442 2.4
1443 2.4
1444 2.4
1445 2.4
1446 2.4
1447 2.4
1448 2.4
1449 2.4
1450 2.4
1451 2.4
1452 2.4
1453 2.4
1454 2.4
1455 2.4
1456 2.4
1457 2.4
1458 2.4
1459 2.4
1460 2.4
1461 2.4
1462 2.4
1463 2.4
1464 2.4
1465 2.4
1466 2.4
1467 2.4
1468 2.4
1469 2.4
1470 2.4
1471 2.4
1472 2.4
1473 2.4
1474 2.4
1475 2.4
1476 2.4
1477 2.4
1478 2.4
1479 2.4
1480 2.4
1481 2.4
1482 2.4
1483 2.4
1484 2.4
1485 2.4
1486 2.4
1487 2.4
1488 2.4
1489 2.4
1490 2.4
1491 2.4
1492 2.4
1493 2.4
1494 2.4
1495 2.4
1496 2.4
1497 2.4
1498 2.4
1499 2.4
1500 2.4
1501 2.4
1502 2.4
1503 2.4
1504 2.4
1505 2.4
1506 2.4
1507 2.4
1508 2.4
1509 2.4
1510 2.4
1511 2.3998
1512 2.3992
1513 2.3978
1514 2.3954
1515 2.3919
1516 2.3871
1517 2.3807
1518 2.3729
1519 2.3637
1520 2.3533
1521 2.342
1522 2.3298
1523 2.317
1524 2.3037
1525 2.29
1526 2.2761
1527 2.2619
1528 2.2477
1529 2.2335
1530 2.2192
1531 2.2051
1532 2.1912
1533 2.1774
1534 2.1638
1535 2.1505
1536 2.1374
1537 2.1247
1538 2.1123
1539 2.1002
1540 2.0884
1541 2.077
1542 2.0659
1543 2.0551
1544 2.0448
1545 2.0347
1546 2.025
1547 2.0157
1548 2.0067
1549 1.998
1550 1.9897
1551 1.9817
1552 1.974
1553 1.9666
1554 1.9595
1555 1.9527
1556 1.9462
1557 1.94
1558 1.934
1559 1.9283
1560 1.9228
1561 1.9176
1562 1.9126
1563 1.9078
1564 1.9033
1565 1.8989
1566 1.8948
1567 1.8908
1568 1.887
1569 1.8834
1570 1.88
1571 1.8768
1572 1.8737
1573 1.8708
1574 1.8682
1575 1.8657
1576 1.8635
1577 1.8614
1578 1.8595
1579 1.8579
1580 1.8564
1581 1.8551
1582 1.854
1583 1.853
1584 1.8521
1585 1.8514
1586 1.8508
1587 1.8503
1588 1.8499
1589 1.8496
1590 1.8494
1591 1.8492
1592 1.8491
1593 1.849
1594 1.849
1595 1.849
1596 1.849
1597 1.849
1598 1.8491
1599 1.8491
1600 1.8492
1601 1.8493
1602 1.8493
1603 1.8494
1604 1.8495
1605 1.8496
1606 1.8496
1607 1.8497
1608 1.8497
1609 1.8498
1610 1.8498
1611 1.8498
1612 1.8499
1613 1.8499
1614 1.8499
1615 1.8499
1616 1.8499
1617 1.8499
1618 1.8498
1619 1.8498
1620 1.8498
1621 1.8497
1622 1.8496
1623 1.8496
1624 1.8495
1625 1.8494
1626 1.8494
1627 1.8493
1628 1.8492
1629 1.8491
1630 1.849
1631 1.8489
1632 1.8488
1633 1.8487
1634 1.8486
1635 1.8485
1636 1.8484
1637 1.8483
1638 1.8483
1639 1.8482
1640 1.8481
1641 1.8481
1642 1.848
1643 1.848
1644 1.848
1645 1.8479
1646 1.8479
1647 1.8479
1648 1.848
1649 1.848
1650 1.848
1651 1.8481
1652 1.8481
1653 1.8482
1654 1.8482
1655 1.8483
1656 1.8483
1657 1.8484
1658 1.8485
1659 1.8485
1660 1.8486
1661 1.8487
1662 1.8488
1663 1.8488
1664 1.8489
1665 1.8489
1666 1.849
1667 1.8491
1668 1.8491
1669 1.8492
1670 1.8492
1671 1.8493
1672 1.8493
1673 1.8493
1674 1.8494
1675 1.8494
1676 1.8495
1677 1.8495
1678 1.8495
1679 1.8496
1680 1.8496
1681 1.8496
1682 1.8496
1683 1.8497
1684 1.8497
1685 1.8497
1686 1.8497
1687 1.8498
1688 1.8498
1689 1.8498
1690 1.8498
1691 1.8499
1692 1.8499
1693 1.8499
1694 1.8499
1695 1.8499
1696 1.8499
1697 1.85
1698 1.85
1699 1.85
1700 1.85
1701 1.85
1702 1.85
1703 1.85
1704 1.85
1705 1.85
1706 1.85
1707 1.85
1708 1.8501
1709 1.8501
1710 1.8501
1711 1.8501
1712 1.8501
1713 1.8501
1714 1.8501
1715 1.8501
1716 1.8501
1717 1.85
1718 1.85
1719 1.85
1720 1.85
1721 1.85
1722 1.85
1723 1.85
1724 1.85
1725 1.85
1726 1.85
1727 1.85
1728 1.85
1729 1.85
1730 1.85
1731 1.85
1732 1.85
1733 1.85
1734 1.85
1735 1.85
1736 1.85
1737 1.85
1738 1.85
1739 1.85
1740 1.85
1741 1.85
1742 1.85
1743 1.85
1744 1.85
1745 1.85
1746 1.85
1747 1.85
1748 1.85
1749 1.85
1750 1.85
1751 1.85
1752 1.85
1753 1.85
1754 1.85
1755 1.85
1756 1.85
1757 1.85
1758 1.85
1759 1.85
1760 1.85
1761 1.85
1762 1.85
1763 1.85
1764 1.85
1765 1.85
1766 1.85
1767 1.85
1768 1.85
1769 1.85
1770 1.85
1771 1.85
1772 1.85
1773 1.85
1774 1.85
1775 1.85
1776 1.85
1777 1.85
1778 1.85
1779 1.85
1780 1.85
1781 1.85
1782 1.85
1783 1.85
1784 1.85
1785 1.85
1786 1.85
1787 1.85
1788 1.85
1789 1.85
1790 1.85
1791 1.85
1792 1.85
1793 1.85
1794 1.85
1795 1.85
1796 1.85
1797 1.85
1798 1.85
1799 1.85
1800 1.85
1801 1.85
1802 1.85
1803 1.85
1804 1.85
1805 1.85
1806 1.85
1807 1.85
1808 1.85
1809 1.85
1810 1.85
1811 1.85
1812 1.85
1813 1.85
1814 1.85
1815 1.85
1816 1.85
1817 1.85
1818 1.85
1819 1.85
1820 1.85
1821 1.85
1822 1.85
1823 1.85
1824 1.85
1825 1.85
1826 1.85
1827 1.85
1828 1.85
1829 1.85
1830 1.85
1831 1.85
1832 1.85
1833 1.85
1834 1.85
1835 1.85
1836 1.85
1837 1.85
1838 1.85
1839 1.85
1840 1.85
1841 1.85
1842 1.85
1843 1.85
1844 1.85
1845 1.85
1846 1.85
1847 1.85
1848 1.85
1849 1.85
1850 1.85
1851 1.85
1852 1.85
1853 1.85
1854 1.85
1855 1.85
1856 1.85
1857 1.85
1858 1.85
1859 1.85
1860 1.85
1861 1.85
1862 1.85
1863 1.85
1864 1.85
1865 1.85
1866 1.85
1867 1.85
1868 1.85
1869 1.85
1870 1.85
1871 1.85
1872 1.85
1873 1.85
1874 1.85
1875 1.85
1876 1.85
1877 1.85
1878 1.85
1879 1.85
1880 1.85
1881 1.85
1882 1.85
1883 1.85
1884 1.85
1885 1.85
1886 1.85
1887 1.85
1888 1.85
1889 1.85
1890 1.85
1891 1.85
1892 1.85
1893 1.85
1894 1.85
1895 1.85
1896 1.85
1897 1.85
1898 1.85
1899 1.85
1900 1.85
1901 1.85
1902 1.85
1903 1.85
1904 1.85
1905 1.85
1906 1.85
1907 1.85
1908 1.85
1909 1.85
1910 1.85
1911 1.85
1912 1.85
1913 1.85
1914 1.85
1915 1.85
1916 1.85
1917 1.85
1918 1.85
1919 1.85
1920 1.85
1921 1.85
1922 1.85
1923 1.85
1924 1.85
1925 1.85
1926 1.85
1927 1.85
1928 1.85
1929 1.85
1930 1.85
1931 1.85
1932 1.85
1933 1.85
1934 1.85
1935 1.85
1936 1.85
1937 1.85
1938 1.85
1939 1.85
1940 1.85
1941 1.85
1942 1.85
1943 1.85
1944 1.85
1945 1.85
1946 1.85
1947 1.85
1948 1.85
1949 1.85
1950 1.85
1951 1.85
1952 1.85
1953 1.85
1954 1.85
1955 1.85
1956 1.85
1957 1.85
1958 1.85
1959 1.85
1960 1.85
1961 1.85
1962 1.85
1963 1.85
1964 1.85
1965 1.85
1966 1.85
1967 1.85
1968 1.85
1969 1.85
1970 1.85
1971 1.85
1972 1.85
1973 1.85
1974 1.85
1975 1.85
1976 1.85
1977 1.85
1978 1.85
1979 1.85
1980 1.85
1981 1.85
1982 1.85
1983 1.85
1984 1.85
1985 1.85
1986 1.85
1987 1.85
1988 1.85
1989 1.85
1990 1.85
1991 1.85
1992 1.85
1993 1.85
1994 1.85
1995 1.85
1996 1.85
1997 1.85
1998 1.85
1999 1.85
2000 1.85
2001 1.85
2002 1.85
2003 1.85
2004 1.85
2005 1.85
2006 1.85
2007 1.85
2008 1.85
2009 1.85
2010 1.85
2011 1.85
2012 1.85
2013 1.85
2014 1.85
2015 1.85
2016 1.85
2017 1.85
2018 1.85
2019 1.85
2020 1.85
2021 1.85
2022 1.85
2023 1.85
2024 1.85
2025 1.85
2026 1.85
2027 1.85
2028 1.85
2029 1.85
2030 1.85
2031 1.85
2032 1.85
2033 1.85
2034 1.85
2035 1.85
2036 1.85
2037 1.85
2038 1.85
2039 1.85
2040 1.85
2041 1.85
2042 1.85
2043 1.85
2044 1.85
2045 1.85
2046 1.85
2047 1.85
2048 1.85
2049 1.85
2050 1.85
2051 1.85
2052 1.85
2053 1.85
2054 1.85
2055 1.85
2056 1.85
2057 1.85
2058 1.85
2059 1.85
2060 1.85
2061 1.85
2062 1.85
2063 1.85
2064 1.85
2065 1.85
2066 1.85
2067 1.85
2068 1.85
2069 1.85
2070 1.85
2071 1.85
2072 1.85
2073 1.85
2074 1.85
2075 1.85
2076 1.85
2077 1.85
2078 1.85
2079 1.85
2080 1.85
2081 1.85
2082 1.85
2083 1.85
2084 1.85
2085 1.85
2086 1.85
2087 1.85
2088 1.85
2089 1.85
2090 1.85
2091 1.85
2092 1.85
2093 1.85
2094 1.85
2095 1.85
2096 1.85
2097 1.85
2098 1.85
2099 1.85
2100 1.85
2101 1.85
2102 1.85
2103 1.85
2104 1.85
2105 1.85
2106 1.85
2107 1.85
2108 1.85
2109 1.85
2110 1.85
2111 1.85
2112 1.85
2113 1.85
2114 1.85
2115 1.85
2116 1.85
2117 1.85
2118 1.85
2119 1.85
2120 1.85
2121 1.85
2122 1.85
2123 1.85
2124 1.85
2125 1.85
2126 1.85
2127 1.85
2128 1.85
2129 1.85
2130 1.85
2131 1.85
2132 1.85
2133 1.85
2134 1.85
2135 1.85
2136 1.85
2137 1.85
2138 1.85
2139 1.85
2140 1.85
2141 1.85
2142 1.85
2143 1.85
2144 1.85
2145 1.85
2146 1.85
2147 1.85
2148 1.85
2149 1.85
2150 1.85
2151 1.85
2152 1.85
2153 1.85
2154 1.85
2155 1.85
2156 1.85
2157 1.85
2158 1.85
2159 1.85
2160 1.85
2161 1.85
2162 1.85
2163 1.85
2164 1.85
2165 1.85
2166 1.85
2167 1.85
2168 1.85
2169 1.85
2170 1.85
2171 1.85
2172 1.85
2173 1.85
2174 1.85
2175 1.85
2176 1.85
2177 1.85
2178 1.85
2179 1.85
2180 1.85
2181 1.85
2182 1.85
2183 1.85
2184 1.85
2185 1.85
2186 1.85
2187 1.85
2188 1.85
2189 1.85
2190 1.85
2191 1.85
2192 1.85
2193 1.85
2194 1.85
2195 1.85
2196 1.85
2197 1.85
2198 1.85
2199 1.85
2200 1.85
2201 1.85
2202 1.85
2203 1.85
2204 1.85
2205 1.85
2206 1.85
2207 1.85
2208 1.85
2209 1.85
2210 1.85
2211 1.8502
2212 1.8508
2213 1.8522
2214 1.8546
2215 1.8581
2216 1.8629
2217 1.8693
2218 1.8772
2219 1.8867
2220 1.898
2221 1.9107
2222 1.9247
2223 1.9398
2224 1.9556
2225 1.9721
2226 1.9891
2227 2.0065
2228 2.0241
2229 2.0418
2230 2.0595
2231 2.077
2232 2.094
2233 2.1104
2234 2.1262
2235 2.1411
2236 2.1551
2237 2.1682
2238 2.1801
2239 2.1911
2240 2.201
2241 2.2099
2242 2.2178
2243 2.2247
2244 2.2308
2245 2.236
2246 2.2404
2247 2.2441
2248 2.2472
2249 2.2497
2250 2.2517
2251 2.2532
2252 2.2544
2253 2.2552
2254 2.2557
2255 2.256
2256 2.2562
2257 2.2561
2258 2.2559
2259 2.2557
2260 2.2553
2261 2.2549
2262 2.2545
2263 2.2541
2264 2.2537
2265 2.2532
2266 2.2528
2267 2.2524
2268 2.2521
2269 2.2517
2270 2.2514
2271 2.2512
2272 2.2509
2273 2.2507
2274 2.2505
2275 2.2503
2276 2.2502
2277 2.2501
2278 2.25
2279 2.2499
2280 2.2499
2281 2.2498
2282 2.2498
2283 2.2498
2284 2.2498
2285 2.2498
2286 2.2498
2287 2.2498
2288 2.2498
2289 2.2498
2290 2.2498
2291 2.2498
2292 2.2498
2293 2.2499
2294 2.2499
2295 2.2499
2296 2.2499
2297 2.2499
2298 2.2499
2299 2.2499
2300 2.25
2301 2.25
2302 2.25
2303 2.25
2304 2.25
2305 2.25
2306 2.25
2307 2.25
2308 2.25
2309 2.25
2310 2.25
2311 2.25
2312 2.25
2313 2.2501
2314 2.2501
2315 2.2501
2316 2.2501
2317 2.2502
2318 2.2502
2319 2.2502
2320 2.2503
2321 2.2504
2322 2.2504
2323 2.2505
2324 2.2506
2325 2.2507
2326 2.2508
2327 2.2509
2328 2.251
2329 2.2511
2330 2.2512
2331 2.2513
2332 2.2514
2333 2.2515
2334 2.2516
2335 2.2517
2336 2.2518
2337 2.2519
2338 2.252
2339 2.2521
2340 2.2521
2341 2.2522
2342 2.2522
2343 2.2522
2344 2.2522
2345 2.2522
2346 2.2522
2347 2.2521
2348 2.2521
2349 2.252
2350 2.2519
2351 2.2518
2352 2.2517
2353 2.2516
2354 2.2515
2355 2.2513
2356 2.2512
2357 2.2511
2358 2.251
2359 2.2508
2360 2.2507
2361 2.2506
2362 2.2505
2363 2.2504
2364 2.2503
2365 2.2502
2366 2.2501
2367 2.25
2368 2.2499
2369 2.2499
2370 2.2498
2371 2.2498
2372 2.2498
2373 2.2497
2374 2.2497
2375 2.2497
2376 2.2497
2377 2.2497
2378 2.2497
2379 2.2497
2380 2.2497
2381 2.2497
2382 2.2498
2383 2.2498
2384 2.2498
2385 2.2498
2386 2.2498
2387 2.2498
2388 2.2499
2389 2.2499
2390 2.2499
2391 2.2499
2392 2.2499
2393 2.2499
2394 2.2499
2395 2.25
2396 2.25
2397 2.25
2398 2.25
2399 2.25
2400 2.25
2401 2.25
2402 2.25
2403 2.25
2404 2.25
2405 2.25
2406 2.25
2407 2.25
2408 2.25
2409 2.25
2410 2.25
2411 2.25
2412 2.25
2413 2.25
2414 2.25
2415 2.25
2416 2.25
2417 2.25
2418 2.25
2419 2.25
2420 2.25
2421 2.25
2422 2.25
2423 2.25
2424 2.25
2425 2.25
2426 2.25
2427 2.25
2428 2.25
2429 2.25
2430 2.25
2431 2.25
2432 2.25
2433 2.25
2434 2.25
2435 2.25
2436 2.25
2437 2.25
2438 2.25
2439 2.25
2440 2.25
2441 2.25
2442 2.25
2443 2.25
2444 2.25
2445 2.25
2446 2.25
2447 2.25
2448 2.25
2449 2.25
2450 2.25
2451 2.25
2452 2.25
2453 2.25
2454 2.25
2455 2.25
2456 2.25
2457 2.25
2458 2.25
2459 2.25
2460 2.25
2461 2.25
2462 2.25
2463 2.25
2464 2.25
2465 2.25
2466 2.25
2467 2.25
2468 2.25
2469 2.25
2470 2.25
2471 2.25
2472 2.25
2473 2.25
2474 2.25
2475 2.25
2476 2.25
2477 2.25
2478 2.25
2479 2.25
2480 2.25
2481 2.25
2482 2.25
2483 2.25
2484 2.25
2485 2.25
2486 2.25
2487 2.25
2488 2.25
2489 2.25
2490 2.25
2491 2.25
2492 2.25
2493 2.25
2494 2.25
2495 2.25
2496 2.25
2497 2.25
2498 2.25
2499 2.25
2500 2.25
2501 2.25
2502 2.25
2503 2.25
2504 2.25
2505 2.25
2506 2.25
2507 2.25
2508 2.25
2509 2.25
2510 2.25
2511 2.25
2512 2.25
2513 2.25
2514 2.25
2515 2.25
2516 2.25
2517 2.25
2518 2.25
2519 2.25
2520 2.25
2521 2.25
2522 2.25
2523 2.25
2524 2.25
2525 2.25
2526 2.25
2527 2.25
2528 2.25
2529 2.25
2530 2.25
2531 2.25
2532 2.25
2533 2.25
2534 2.25
2535 2.25
2536 2.25
2537 2.25
2538 2.25
2539 2.25
2540 2.25
2541 2.25
2542 2.25
2543 2.25
2544 2.25
2545 2.25
2546 2.25
2547 2.25
2548 2.25
2549 2.25
2550 2.25
2551 2.25
2552 2.25
2553 2.25
2554 2.25
2555 2.25
2556 2.25
2557 2.25
2558 2.25
2559 2.25
2560 2.25
2561 2.25
2562 2.25
2563 2.25
2564 2.25
2565 2.25
2566 2.25
2567 2.25
2568 2.25
2569 2.25
2570 2.25
2571 2.25
2572 2.25
2573 2.25
2574 2.25
2575 2.25
2576 2.25
2577 2.25
2578 2.25
2579 2.25
2580 2.25
2581 2.25
2582 2.25
2583 2.25
2584 2.25
2585 2.25
2586 2.25
2587 2.25
2588 2.25
2589 2.25
2590 2.25
2591 2.25
2592 2.25
2593 2.25
2594 2.25
2595 2.25
2596 2.25
2597 2.25
2598 2.25
2599 2.25
2600 2.25
2601 2.25
2602 2.25
2603 2.25
2604 2.25
2605 2.25
2606 2.25
2607 2.25
2608 2.25
2609 2.25
2610 2.25
2611 2.25
2612 2.25
2613 2.25
2614 2.25
2615 2.25
2616 2.25
2617 2.25
2618 2.25
2619 2.25
2620 2.25
2621 2.25
2622 2.25
2623 2.25
2624 2.25
2625 2.25
2626 2.25
2627 2.25
2628 2.25
2629 2.25
2630 2.25
2631 2.25
2632 2.25
2633 2.25
2634 2.25
2635 2.25
2636 2.25
2637 2.25
2638 2.25
2639 2.25
2640 2.25
2641 2.25
2642 2.25
2643 2.25
2644 2.25
2645 2.25
2646 2.25
2647 2.25
2648 2.25
2649 2.25
2650 2.25
2651 2.25
2652 2.25
2653 2.25
2654 2.25
2655 2.25
2656 2.25
2657 2.25
2658 2.25
2659 2.25
2660 2.25
2661 2.25
2662 2.25
2663 2.25
2664 2.25
2665 2.25
2666 2.25
2667 2.25
2668 2.25
2669 2.25
2670 2.25
2671 2.25
2672 2.25
2673 2.25
2674 2.25
2675 2.25
2676 2.25
2677 2.25
2678 2.25
2679 2.25
2680 2.25
2681 2.25
2682 2.25
2683 2.25
2684 2.25
2685 2.25
2686 2.25
2687 2.25
2688 2.25
2689 2.25
2690 2.25
2691 2.25
2692 2.25
2693 2.25
2694 2.25
2695 2.25
2696 2.25
2697 2.25
2698 2.25
2699 2.25
2700 2.25
2701 2.25
2702 2.25
2703 2.25
2704 2.25
2705 2.25
2706 2.25
2707 2.25
2708 2.25
2709 2.25
2710 2.25
2711 2.25
2712 2.25
2713 2.25
2714 2.25
2715 2.25
2716 2.25
2717 2.25
2718 2.25
2719 2.25
2720 2.25
2721 2.25
2722 2.25
2723 2.25
2724 2.25
2725 2.25
2726 2.25
2727 2.25
2728 2.25
2729 2.25
2730 2.25
2731 2.25
2732 2.25
2733 2.25
2734 2.25
2735 2.25
2736 2.25
2737 2.25
2738 2.25
2739 2.25
2740 2.25
2741 2.25
2742 2.25
2743 2.25
2744 2.25
2745 2.25
2746 2.25
2747 2.25
2748 2.25
2749 2.25
2750 2.25
2751 2.25
2752 2.25
2753 2.25
2754 2.25
2755 2.25
2756 2.25
2757 2.25
2758 2.25
2759 2.25
2760 2.25
2761 2.25
2762 2.25
2763 2.25
2764 2.25
2765 2.25
2766 2.25
2767 2.25
2768 2.25
2769 2.25
2770 2.25
2771 2.25
2772 2.25
2773 2.25
2774 2.25
2775 2.25
2776 2.25
2777 2.25
2778 2.25
2779 2.25
2780 2.25
2781 2.25
2782 2.25
2783 2.25
2784 2.25
2785 2.25
2786 2.25
2787 2.25
2788 2.25
2789 2.25
2790 2.25
2791 2.25
2792 2.25
2793 2.25
2794 2.25
2795 2.25
2796 2.25
2797 2.25
2798 2.25
2799 2.25
2800 2.25
2801 2.25
2802 2.25
2803 2.25
2804 2.25
2805 2.25
2806 2.25
2807 2.25
2808 2.25
2809 2.25
2810 2.25
2811 2.25
2812 2.25
2813 2.25
2814 2.25
2815 2.25
2816 2.25
2817 2.25
2818 2.25
2819 2.25
2820 2.25
2821 2.25
2822 2.25
2823 2.25
2824 2.25
2825 2.25
2826 2.25
2827 2.25
2828 2.25
2829 2.25
2830 2.25
2831 2.25
2832 2.25
2833 2.25
2834 2.25
2835 2.25
2836 2.25
2837 2.25
2838 2.25
2839 2.25
2840 2.25
2841 2.25
2842 2.25
2843 2.25
2844 2.25
2845 2.25
2846 2.25
2847 2.25
2848 2.25
2849 2.25
2850 2.25
2851 2.25
2852 2.25
2853 2.25
2854 2.25
2855 2.25
2856 2.25
2857 2.25
2858 2.25
2859 2.25
2860 2.25
2861 2.25
2862 2.25
2863 2.25
2864 2.25
2865 2.25
2866 2.25
2867 2.25
2868 2.25
2869 2.25
2870 2.25
2871 2.25
2872 2.25
2873 2.25
2874 2.25
2875 2.25
2876 2.25
2877 2.25
2878 2.25
2879 2.25
2880 2.25
2881 2.25
2882 2.25
2883 2.25
2884 2.25
2885 2.25
2886 2.25
2887 2.25
2888 2.25
2889 2.25
2890 2.25
2891 2.25
2892 2.25
2893 2.25
2894 2.25
2895 2.25
2896 2.25
2897 2.25
2898 2.25
2899 2.25
2900 2.25
2901 2.25
2902 2.25
2903 2.25
2904 2.25
2905 2.25
2906 2.25
2907 2.25
2908 2.25
2909 2.25
2910 2.25
2911 2.25
2912 2.25
2913 2.25
2914 2.25
2915 2.25
2916 2.25
2917 2.25
2918 2.25
2919 2.25
2920 2.25
2921 2.25
2922 2.25
2923 2.25
2924 2.25
2925 2.25
2926 2.25
2927 2.25
2928 2.25
2929 2.25
2930 2.25
2931 2.25
2932 2.25
2933 2.25
2934 2.25
2935 2.25
2936 2.25
2937 2.25
2938 2.25
2939 2.25
2940 2.25
2941 2.25
2942 2.25
2943 2.25
2944 2.25
2945 2.25
2946 2.25
2947 2.25
2948 2.25
2949 2.25
2950 2.25
2951 2.25
2952 2.25
2953 2.25
2954 2.25
2955 2.25
2956 2.25
2957 2.25
2958 2.25
2959 2.25
2960 2.25
2961 2.25
2962 2.25
2963 2.25
2964 2.25
2965 2.25
2966 2.25
2967 2.25
2968 2.25
2969 2.25
2970 2.25
2971 2.25
2972 2.25
2973 2.25
2974 2.25
2975 2.25
2976 2.25
2977 2.25
2978 2.25
2979 2.25
2980 2.25
2981 2.25
2982 2.25
2983 2.25
2984 2.25
2985 2.25
2986 2.25
2987 2.25
2988 2.25
2989 2.25
2990 2.25
2991 2.25
2992 2.25
2993 2.25
2994 2.25
2995 2.25
2996 2.25
2997 2.25
2998 2.25
2999 2.25
3000 2.25
