1 0
2 0
3 0
4 0
5 0
6 0
7 0
8 0
9 0
10 0
11 0
12 0.10757
13 -0.66591
14 -0.80353
15 -0.3081
16 0.073387
17 -0.18912
18 -0.49669
19 -0.38231
20 0.35663
21 3.8853
22 4.296
23 4.1189
24 3.3202
25 2.2542
26 0.87784
27 0.34688
28 0.11736
29 -0.095139
30 0.24595
31 1.0003
32 0.71652
33 0.66762
34 0.6959
35 0.91388
36 1.0731
37 0.88054
38 0.98668
39 0.85368
40 1.1449
41 0.83078
42 0.70735
43 0.08031
44 -0.46338
45 -0.4493
46 -0.19177
47 0.33489
48 0.74445
49 0.89329
50 1.4573
51 1.0482
52 1.536
53 0.88401
54 1.1187
55 1.0979
56 0.93162
57 1.0517
58 0.52558
59 -0.11724
60 0.075066
61 0.052926
62 -0.76931
63 -1.446
64 -1.3252
65 -1.1428
66 -1.5333
67 -1.097
68 0.029473
69 0.053721
70 0.80418
71 0.54549
72 0.30092
73 -0.22153
74 -0.0016576
75 -0.19549
76 -0.6433
77 0.48377
78 0.75076
79 0.11234
80 0.063065
81 -0.14808
82 -0.42268
83 -1.0148
84 0.099838
85 0.61694
86 0.68923
87 0.39934
88 0.056764
89 0.046808
90 -0.49491
91 0.10048
92 -0.025382
93 -0.24037
94 -0.20989
95 0.22706
96 0.25138
97 0.40138
98 0.44522
99 -0.28685
100 -0.087959
101 0.12835
102 0.45524
103 0.21343
104 0.59604
105 0.72758
106 0.091015
107 0.18648
108 -0.19083
109 -0.66439
110 -0.93377
111 -1.1397
112 -0.030435
113 -0.03518
114 0.27708
115 -0.10636
116 0.14723
117 0.038397
118 -0.053568
119 0.43817
120 0.693
121 1.1188
122 0.64622
123 0.094698
124 0.086692
125 -0.17184
126 -0.040588
127 0.016547
128 -0.35104
129 -0.52045
130 -0.68034
131 0.24454
132 0.41985
133 0.24528
134 0.67719
135 -0.37534
136 -0.18039
137 0.09971
138 -0.12245
139 0.0078372
140 0.08982
141 0.50665
142 1.0642
143 0.9108
144 0.52234
145 -0.29231
146 -0.74792
147 -0.34435
148 -0.55288
149 -0.43519
150 -0.10388
151 0.48323
152 0.10295
153 0.22397
154 0.47873
155 0.20028
156 -0.084253
157 0.41517
158 -0.53166
159 0.58817
160 0.77377
161 -0.045299
162 -0.3604
163 -0.30104
164 -0.17998
165 -0.29789
166 0.22829
167 -0.16903
168 -0.19142
169 -0.0064477
170 0.10925
171 0.50785
172 0.70123
173 0.54601
174 -0.19155
175 -0.14729
176 -0.016393
177 0.39603
178 0.59932
179 0.17482
180 -0.50878
181 -0.92679
182 -0.70609
183 -0.036185
184 0.45117
185 0.38511
186 0.010085
187 -0.25796
188 0.80698
189 0.5878
190 0.80464
191 0.39103
192 -0.64046
193 -0.22435
194 0.37425
195 0.18505
196 0.086916
197 -0.014453
198 -0.45672
199 -0.48381
200 -0.37482
