1 0
2 0
3 0
4 0
5 0
6 0
7 0
8 0
9 0
10 0
11 0
12 0
13 0
14 0
15 0
16 0
17 0.0082725
18 -0.043365
19 -0.10294
20 -0.12135
21 -0.10948
22 -0.1184
23 -0.15052
24 -0.17219
25 -0.13592
26 0.16986
27 0.49155
28 0.78311
29 0.99828
30 1.1204
31 1.1304
32 1.0991
33 1.0516
34 0.99027
35 0.95829
36 0.98595
37 0.99036
38 0.99077
39 0.99333
40 1.0125
41 1.043
42 1.057
43 1.0785
44 1.0887
45 1.1207
46 1.127
47 1.1234
48 1.0717
49 0.98094
50 0.89588
51 0.83499
52 0.81773
53 0.83285
54 0.85865
55 0.92649
56 0.95941
57 1.0281
58 1.0432
59 1.0756
60 1.1046
61 1.1194
62 1.1427
63 1.1243
64 1.1632
65 1.2078
66 1.2423
67 1.2063
68 1.1153
69 1.034
70 0.96718
71 0.87042
72 0.80926
73 0.83529
74 0.85959
75 0.93835
76 0.99141
77 1.0214
78 1.0082
79 1.0115
80 0.99857
81 0.95093
82 0.99157
83 1.0499
84 1.0555
85 1.0565
86 1.0407
87 1.0041
88 0.92343
89 0.93229
90 0.98016
91 1.0309
92 1.0564
93 1.0541
94 1.051
95 1.0062
96 1.0093
97 1.0025
98 0.97937
99 0.95967
100 0.9745
101 0.99037
102 1.0169
103 1.0454
104 1.016
105 1.0034
106 1.0081
107 1.0376
108 1.0469
109 1.0852
110 1.1316
111 1.1267
112 1.1293
113 1.1028
114 1.0411
115 0.96194
116 0.87096
117 0.86994
118 0.86861
119 0.89136
120 0.88345
121 0.89544
122 0.89844
123 0.89421
124 0.92802
125 0.97969
126 1.0614
127 1.1027
128 1.0993
129 1.0956
130 1.0721
131 1.0599
132 1.0528
133 1.0177
134 0.97144
135 0.91523
136 0.93302
137 0.96339
138 0.97878
139 1.0266
140 0.99101
141 0.97224
142 0.97597
143 0.96243
144 0.95961
145 0.96323
146 0.99872
147 1.0753
148 1.1361
149 1.1639
150 1.1277
151 1.0583
152 1.0234
153 0.97432
154 0.9368
155 0.92669
156 0.96225
157 0.96674
158 0.98031
159 1.0128
160 1.0222
161 1.0092
162 1.0353
163 0.98722
164 1.0277
165 1.0805
166 1.0675
167 1.031
168 1.0008
169 0.9816
170 0.95427
171 0.96881
172 0.95204
173 0.93442
174 0.93193
175 0.93846
176 0.97532
177 1.0252
178 1.0605
179 1.0373
180 1.0187
181 1.0111
182 1.0356
183 1.0745
184 1.0788
185 1.0303
186 0.95208
187 0.89487
188 0.89212
189 0.92699
190 0.95499
191 0.95272
192 0.92995
193 0.99024
194 1.0306
195 1.0856
196 1.1059
197 1.0458
198 1.0209
199 1.0432
200 1.0499
