1 -0.2415
2 0.17377
3 -0.11847
4 -0.52467
5 -0.098103
6 -0.19604
7 -0.324
8 0.15969
9 0.012799
10 -0.080553
11 -0.17321
12 0.53019
13 0.37094
14 -0.059786
15 0.027377
16 0.47831
17 0.56708
18 0.34868
19 -0.10304
20 -0.1843
21 0.23767
22 -0.27314
23 -0.33864
24 -0.11234
25 0.30228
26 0.050369
27 0.077457
28 0.35568
29 0.074196
30 -0.36005
31 0.26629
32 0.15063
33 -0.027951
34 -0.13061
35 -0.17221
36 -0.0075916
37 -0.25314
38 -0.16197
39 -0.47013
40 -0.16401
41 -0.21922
42 0.18267
43 0.4601
44 0.32745
45 0.33103
46 0.21384
47 0.17285
48 0.23717
49 -0.2308
50 0.26348
51 -0.37901
52 0.19567
53 -0.26323
54 -0.3069
55 -0.14341
56 -0.41195
57 0.0050517
58 0.35122
59 -0.078859
60 0.15675
61 1.0512
62 1.3832
63 0.94994
64 1.0926
65 1.7804
66 1.3625
67 0.70469
68 1.3541
69 0.70773
70 1.0031
71 1.0915
72 1.2751
73 0.87437
74 1.1701
75 1.5596
76 0.39743
77 0.6595
78 1.3779
79 0.90705
80 0.98793
81 1.2922
82 1.703
83 0.5883
84 0.71255
85 0.97549
86 1.0002
87 1.0338
88 0.90119
89 1.3857
90 0.71237
91 1.0645
92 1.313
93 1.1186
94 0.80327
95 1.0381
96 0.89963
97 0.81036
98 1.4279
99 0.93749
100 0.81722
101 0.76094
102 1.0383
103 0.52697
104 0.47944
105 1.061
106 0.59214
107 0.87356
108 1.2452
109 1.2916
110 1.4884
111 0.68075
112 1.2709
113 1.1029
114 1.3961
115 1.0696
116 1.2578
117 1.3603
118 0.86981
119 0.8542
120 0.57972
121 0.97233
122 1.1124
123 0.765
124 1.0228
125 0.8873
126 0.86349
127 1.2464
128 1.2581
129 1.3631
130 0.65691
131 0.95695
132 1.2072
133 0.59097
134 1.6093
135 1.0738
136 0.82765
137 1.3266
138 1.1193
139 1.0345
140 0.78491
141 0.44173
142 0.69529
143 0.79583
144 1.1431
145 1.1943
146 0.75167
147 1.2619
148 1.2111
149 0.96031
150 0.6992
151 1.2821
152 0.95898
153 0.67951
154 1.0798
155 1.1656
156 0.53779
157 1.5902
158 0.32041
159 0.48289
160 1.3871
161 1.1028
162 0.86437
163 1.0037
164 1.2313
165 0.72551
166 1.2935
167 1.2205
168 0.98572
169 1.0605
170 0.80117
171 0.72912
172 0.87708
173 1.3252
174 0.92419
175 0.85718
176 0.69033
177 0.64157
178 1.007
179 1.329
180 1.3894
181 1.1771
182 0.90227
183 0.88375
184 1.1156
185 1.2964
186 1.3081
187 0.32994
188 0.98531
189 0.69428
190 0.85098
191 1.5487
192 0.75412
193 0.46754
194 1.056
195 0.96064
196 0.86859
197 1.2781
198 1.179
199 1.1189
200 0.91242
