1 0
2 0
3 0
4 0
5 0
6 0
7 0
8 0
9 0
10 0
11 0
12 0
13 0
14 0
15 0
16 0
17 0
18 0
19 0
20 0
21 2.9955
22 3.7306
23 3.3369
24 2.5549
25 1.7881
26 1.2046
27 0.83331
28 0.63769
29 0.56173
30 0.55409
31 0.57725
32 0.60815
33 0.63526
34 0.65451
35 0.66602
36 0.6716
37 0.67339
38 0.67317
39 0.67215
40 0.67104
41 0.67016
42 0.66957
43 0.66926
44 0.66914
45 0.66913
46 0.66918
47 0.66924
48 0.6693
49 0.66934
50 0.66937
51 0.66939
52 0.66941
53 0.66941
54 0.66942
55 0.66942
56 0.66943
57 0.66943
58 0.66944
59 0.66944
60 0.66944
61 0.66945
62 0.66945
63 0.66945
64 0.66945
65 0.66946
66 0.66946
67 0.66946
68 0.66946
69 0.66946
70 0.66946
71 0.66946
72 0.66946
73 0.66946
74 0.66947
75 0.66947
76 0.66947
77 0.66947
78 0.66947
79 0.66947
80 0.66947
81 0.66947
82 0.66947
83 0.66947
84 0.66947
85 0.66947
86 0.66947
87 0.66947
88 0.66947
89 0.66947
90 0.66947
91 0.66947
92 0.66947
93 0.66947
94 0.66947
95 0.66947
96 0.66947
97 0.66947
98 0.66947
99 0.66947
100 0.66947
101 0.66947
102 0.66947
103 0.66947
104 0.66947
105 0.66947
106 0.66947
107 0.66947
108 0.66947
109 0.66947
110 0.66947
111 0.66947
112 0.66947
113 0.66947
114 0.66947
115 0.66947
116 0.66947
117 0.66946
118 0.66944
119 0.66941
120 0.66938
121 0.66936
122 0.66934
123 0.66934
124 0.35257
125 -0.0046863
126 -0.27831
127 -0.43703
128 -0.49599
129 -0.48628
130 -0.43841
131 -0.37545
132 -0.3118
133 -0.25466
134 -0.20641
135 -0.16667
136 -0.13398
137 -0.10685
138 -0.084334
139 -0.06562
140 -0.049907
141 -0.036473
142 -0.026218
143 -0.017901
144 -0.010206
145 -0.0024414
146 0.0054722
147 0.013268
148 0.020595
149 0.027185
150 0.032907
151 0.037762
152 0.041838
153 0.045263
154 0.048167
155 0.050666
156 0.052845
157 0.054769
158 0.056479
159 0.058004
160 0.059363
161 0.060573
162 0.061647
163 0.062598
164 0.063437
165 0.064178
166 0.06483
167 0.065405
168 0.065912
169 0.066359
170 0.066753
171 0.067101
172 0.067408
173 0.067679
174 0.067918
175 0.068129
176 0.068315
177 0.068479
178 0.068624
179 0.068752
180 0.068865
181 0.068965
182 0.069053
183 0.06913
184 0.069199
185 0.069259
186 0.069313
187 0.06936
188 0.069401
189 0.069438
190 0.06947
191 0.069499
192 0.069524
193 0.069546
194 0.069566
195 0.069583
196 0.069599
197 0.069612
198 0.069624
199 0.069634
200 0.069644
