1 0
2 0
3 0
4 0
5 0
6 0
7 0
8 0
9 0
10 0
11 0
12 0
13 0
14 0
15 0
16 0
17 0
18 0
19 0
20 0
21 0
22 0
23 0
24 0
25 0
26 0.23037
27 0.50546
28 0.73616
29 0.89487
30 0.98646
31 1.0285
32 1.0397
33 1.0354
34 1.0254
35 1.0153
36 1.0075
37 1.0024
38 0.99974
39 0.99865
40 0.9985
41 0.99878
42 0.99918
43 0.99954
44 0.9998
45 0.99995
46 1
47 1.0001
48 1.0001
49 1
50 1
51 1
52 1
53 1
54 1
55 1
56 1
57 1
58 1
59 1
60 1
61 1
62 1
63 1
64 1
65 1
66 1
67 1
68 1
69 1
70 1
71 1
72 1
73 1
74 1
75 1
76 1
77 1
78 1
79 1
80 1
81 1
82 1
83 1
84 1
85 1
86 1
87 1
88 1
89 1
90 1
91 1
92 1
93 1
94 1
95 1
96 1
97 1
98 1
99 1
100 1
101 1
102 1
103 1
104 1
105 1
106 1
107 1
108 1
109 1
110 1
111 1
112 1
113 1
114 1
115 1
116 1
117 1
118 1
119 1
120 1
121 1
122 1
123 1
124 1.1057
125 1.1991
126 1.2814
127 1.354
128 1.4182
129 1.4504
130 1.4497
131 1.4247
132 1.3858
133 1.3418
134 1.2986
135 1.2592
136 1.2249
137 1.1957
138 1.1711
139 1.1501
140 1.1323
141 1.1169
142 1.1036
143 1.0919
144 1.0817
145 1.0725
146 1.0644
147 1.0571
148 1.0504
149 1.0442
150 1.0387
151 1.0338
152 1.0295
153 1.0258
154 1.0226
155 1.0198
156 1.0174
157 1.0153
158 1.0135
159 1.0119
160 1.0105
161 1.0092
162 1.0081
163 1.0071
164 1.0062
165 1.0055
166 1.0048
167 1.0042
168 1.0037
169 1.0032
170 1.0028
171 1.0024
172 1.0021
173 1.0019
174 1.0016
175 1.0014
176 1.0012
177 1.0011
178 1.0009
179 1.0008
180 1.0007
181 1.0006
182 1.0005
183 1.0004
184 1.0004
185 1.0003
186 1.0003
187 1.0002
188 1.0002
189 1.0002
190 1.0001
191 1.0001
192 1.0001
193 1.0001
194 1
195 1
196 1
197 1
198 1
199 1
200 0.99999
