1 0
2 0
3 0
4 0
5 0
6 0
7 0
8 0
9 0
10 0
11 0
12 0
13 0
14 0
15 0
16 0
17 0
18 0
19 0
20 0
21 2.9955
22 3.7306
23 3.3369
24 2.5549
25 1.7881
26 1.2046
27 0.83331
28 0.63769
29 0.56173
30 0.55409
31 0.57725
32 0.60815
33 0.63526
34 0.65451
35 0.66602
36 0.6716
37 0.67339
38 0.67317
39 0.67215
40 0.67104
41 0.67016
42 0.66957
43 0.66926
44 0.66914
45 0.66913
46 0.66918
47 0.66924
48 0.6693
49 0.66934
50 0.66937
51 0.66939
52 0.66941
53 0.66941
54 0.66942
55 0.66942
56 0.66943
57 0.66943
58 0.66944
59 0.66944
60 0.66944
61 0.66945
62 0.66945
63 0.66945
64 0.66945
65 0.59847
66 0.45103
67 0.25338
68 0.041318
69 -0.15201
70 -0.30139
71 -0.39067
72 -0.41192
73 -0.36392
74 -0.2506
75 -0.079762
76 0.13791
77 0.38967
78 0.66145
79 0.93845
80 1.2059
81 1.4497
82 1.657
83 1.8168
84 1.9209
85 1.9635
86 1.9424
87 1.8582
88 1.7152
89 1.5204
90 1.2835
91 1.0164
92 0.73269
93 0.44658
94 0.17254
95 -0.075573
96 -0.28521
97 -0.44578
98 -0.54917
99 -0.59018
100 -0.56677
101 -0.48017
102 -0.33482
103 -0.13814
104 0.099821
105 0.36695
106 0.64963
107 0.93346
108 1.204
109 1.4475
110 1.6514
111 1.8056
112 1.902
113 1.9358
114 1.9052
115 1.8119
116 1.6604
117 1.4587
118 1.2167
119 0.94701
120 0.66319
121 0.37972
122 0.11101
123 -0.12926
124 -0.32889
125 -0.47772
126 -0.56818
127 -0.59568
128 -0.55882
129 -0.45946
130 -0.30267
131 -0.096425
132 0.14883
133 0.42071
134 0.70551
135 0.98888
136 1.2565
137 1.4945
138 1.6904
139 1.834
140 1.9179
141 1.9382
142 1.8926
143 1.7842
144 1.6198
145 1.4079
146 1.1595
147 0.88669
148 0.60298
149 0.32252
150 0.059391
151 -0.17303
152 -0.36289
153 -0.50043
154 -0.57857
155 -0.59328
156 -0.54377
157 -0.43252
158 -0.26519
159 -0.0503
160 0.20122
161 0.47657
162 0.76174
163 1.0422
164 1.3037
165 1.533
166 1.7183
167 1.8503
168 1.9222
169 1.9304
170 1.8745
171 1.7573
172 1.5847
173 1.3656
174 1.1111
175 0.83406
176 0.54869
177 0.26945
178 0.010543
179 -0.21488
180 -0.39539
181 -0.52181
182 -0.58774
183 -0.58981
184 -0.5279
185 -0.40513
186 -0.22769
187 -0.0045281
188 0.25305
189 0.53195
190 0.81797
191 1.0965
192 1.3534
193 1.5756
194 1.7516
195 1.8726
196 1.9323
197 1.9278
198 1.8593
199 1.7303
200 1.5472
