1 0
2 0
3 0
4 0
5 0
6 0
7 0
8 0
9 0
10 0
11 0
12 0
13 0
14 0
15 0
16 0
17 0
18 0
19 0
20 0
21 0
22 0
23 0
24 0
25 0
26 0.23037
27 0.50546
28 0.73616
29 0.89487
30 0.98646
31 1.0285
32 1.0397
33 1.0354
34 1.0254
35 1.0153
36 1.0075
37 1.0024
38 0.99974
39 0.99865
40 0.9985
41 0.99878
42 0.99918
43 0.99954
44 0.9998
45 0.99995
46 1
47 1.0001
48 1.0001
49 1
50 1
51 1
52 1
53 1
54 1
55 1
56 1
57 1
58 1
59 1
60 1
61 1
62 1
63 1
64 1
65 1.0237
66 1.0671
67 1.1255
68 1.1939
69 1.2667
70 1.3332
71 1.3826
72 1.407
73 1.4019
74 1.3665
75 1.3028
76 1.2149
77 1.1083
78 0.9897
79 0.86608
80 0.74458
81 0.63204
82 0.53472
83 0.45801
84 0.40618
85 0.38218
86 0.38749
87 0.42208
88 0.48441
89 0.5715
90 0.6791
91 0.80187
92 0.93371
93 1.068
94 1.1981
95 1.3174
96 1.42
97 1.5007
98 1.5554
99 1.5814
100 1.5776
101 1.544
102 1.4824
103 1.3961
104 1.2894
105 1.1678
106 1.0375
107 0.90508
108 0.7774
109 0.66092
110 0.56159
111 0.48447
112 0.43349
113 0.41125
114 0.4189
115 0.45606
116 0.52083
117 0.60994
118 0.71885
119 0.84203
120 0.97322
121 1.1057
122 1.2329
123 1.3481
124 1.4457
125 1.5205
126 1.5689
127 1.5883
128 1.5777
129 1.5378
130 1.4705
131 1.3793
132 1.2688
133 1.1446
134 1.013
135 0.8808
136 0.75463
137 0.64095
138 0.54554
139 0.47327
140 0.42786
141 0.41165
142 0.42547
143 0.46861
144 0.53884
145 0.63255
146 0.74496
147 0.87025
148 1.002
149 1.1336
150 1.2584
151 1.3701
152 1.4631
153 1.5326
154 1.5752
155 1.5886
156 1.5721
157 1.5265
158 1.4542
159 1.3587
160 1.245
161 1.1188
162 0.98652
163 0.85496
164 0.73078
165 0.62029
166 0.52911
167 0.46189
168 0.42203
169 0.41158
170 0.43106
171 0.47948
172 0.55437
173 0.65194
174 0.76721
175 0.89432
176 1.0268
177 1.1579
178 1.281
179 1.3898
180 1.4788
181 1.5434
182 1.5804
183 1.5878
184 1.5654
185 1.5142
186 1.4368
187 1.3371
188 1.2203
189 1.0923
190 0.95953
191 0.82878
192 0.70672
193 0.59957
194 0.51279
195 0.45079
196 0.41675
197 0.4124
198 0.43796
199 0.49212
200 0.57213
