1 0
2 0
3 0
4 0
5 0
6 0
7 0
8 0
9 0
10 0
11 0
12 0
13 0
14 0
15 0
16 0
17 0
18 0
19 0
20 0
21 0.86253
22 1.4243
23 1.7484
24 1.8926
25 1.9075
26 1.8352
27 1.7096
28 1.5568
29 1.3961
30 1.2407
31 1.0992
32 0.9764
33 0.87416
34 0.79242
35 0.72976
36 0.68399
37 0.6525
38 0.63262
39 0.6218
40 0.61774
41 0.61845
42 0.62229
43 0.62797
44 0.6345
45 0.64116
46 0.64747
47 0.65312
48 0.65797
49 0.66196
50 0.66511
51 0.66749
52 0.66921
53 0.67037
54 0.67108
55 0.67144
56 0.67155
57 0.67148
58 0.6713
59 0.67106
60 0.67079
61 0.67052
62 0.67027
63 0.67005
64 0.66987
65 0.66971
66 0.6696
67 0.66951
68 0.66945
69 0.66941
70 0.66939
71 0.66938
72 0.66937
73 0.66938
74 0.66939
75 0.6694
76 0.66941
77 0.66942
78 0.66944
79 0.66944
80 0.66945
81 0.66946
82 0.66946
83 0.66947
84 0.66947
85 0.66947
86 0.66947
87 0.66947
88 0.66947
89 0.66947
90 0.66947
91 0.66947
92 0.66947
93 0.66947
94 0.66947
95 0.66947
96 0.66947
97 0.66947
98 0.66947
99 0.66947
100 0.66947
101 0.66947
102 0.66947
103 0.66947
104 0.66947
105 0.66947
106 0.66947
107 0.66947
108 0.66947
109 0.66947
110 0.66947
111 0.66947
112 0.66947
113 0.66947
114 0.66947
115 0.66947
116 0.66947
117 0.66947
118 0.66945
119 0.66943
120 0.66939
121 0.66935
122 0.66931
123 0.66926
124 0.66923
125 0.66921
126 0.66921
127 0.66924
128 0.66931
129 0.66941
130 0.66954
131 0.66972
132 0.66993
133 0.67018
134 0.67047
135 0.6708
136 0.67114
137 0.67149
138 0.67182
139 0.6721
140 0.67232
141 0.67247
142 0.67243
143 0.67215
144 0.67168
145 0.67108
146 0.67042
147 0.66976
148 0.66916
149 0.66866
150 0.66827
151 0.668
152 0.66786
153 0.66782
154 0.66787
155 0.66799
156 0.66815
157 0.66834
158 0.66854
159 0.66874
160 0.66893
161 0.66909
162 0.66923
163 0.66935
164 0.66944
165 0.66951
166 0.66956
167 0.66959
168 0.6696
169 0.6696
170 0.6696
171 0.66959
172 0.66957
173 0.66955
174 0.66954
175 0.66952
176 0.66951
177 0.6695
178 0.66949
179 0.66948
180 0.66947
181 0.66947
182 0.66946
183 0.66946
184 0.66946
185 0.66946
186 0.66946
187 0.66946
188 0.66946
189 0.66947
190 0.66947
191 0.66947
192 0.66947
193 0.66947
194 0.66947
195 0.66947
196 0.66947
197 0.66947
198 0.66947
199 0.66947
200 0.66947
