1 0
2 0
3 0
4 0
5 0
6 0
7 0
8 0
9 0
10 0
11 0
12 0
13 0
14 0
15 0
16 0
17 0
18 0
19 0
20 0
21 0
22 0
23 0
24 0
25 0
26 0.066334
27 0.17247
28 0.29808
29 0.42834
30 0.55306
31 0.66581
32 0.7631
33 0.84364
34 0.90768
35 0.95647
36 0.99187
37 1.016
38 1.031
39 1.0389
40 1.0417
41 1.0407
42 1.0374
43 1.0326
44 1.0273
45 1.022
46 1.017
47 1.0125
48 1.0087
49 1.0056
50 1.0031
51 1.0013
52 0.99998
53 0.99911
54 0.99858
55 0.99833
56 0.99827
57 0.99835
58 0.99851
59 0.99871
60 0.99893
61 0.99915
62 0.99935
63 0.99953
64 0.99968
65 0.9998
66 0.99989
67 0.99996
68 1
69 1
70 1.0001
71 1.0001
72 1.0001
73 1.0001
74 1.0001
75 1
76 1
77 1
78 1
79 1
80 1
81 1
82 1
83 1
84 1
85 1
86 1
87 1
88 1
89 1
90 1
91 1
92 1
93 1
94 1
95 1
96 1
97 1
98 1
99 1
100 1
101 1
102 1
103 1
104 1
105 1
106 1
107 1
108 1
109 1
110 1
111 1
112 1
113 1
114 1
115 1
116 1
117 1
118 1
119 1
120 1
121 1
122 1
123 1
124 1
125 0.99999
126 0.99998
127 0.99997
128 0.99996
129 0.99994
130 0.99992
131 0.99991
132 0.99989
133 0.99989
134 0.99989
135 0.9999
136 0.99992
137 0.99996
138 1
139 1.0001
140 1.0002
141 1.0003
142 1.0004
143 1.0006
144 1.0008
145 1.001
146 1.0011
147 1.0013
148 1.0014
149 1.0015
150 1.0016
151 1.0016
152 1.0015
153 1.0014
154 1.0013
155 1.0011
156 1.001
157 1.0008
158 1.0006
159 1.0005
160 1.0003
161 1.0002
162 1.0001
163 1
164 0.99997
165 0.99993
166 0.9999
167 0.99989
168 0.99989
169 0.99989
170 0.9999
171 0.99991
172 0.99992
173 0.99994
174 0.99995
175 0.99996
176 0.99997
177 0.99998
178 0.99999
179 1
180 1
181 1
182 1
183 1
184 1
185 1
186 1
187 1
188 1
189 1
190 1
191 1
192 1
193 1
194 1
195 1
196 1
197 1
198 1
199 1
200 1
