1 2.2
2 2.2
3 2.2
4 2.2
5 2.2
6 2.2
7 2.2
8 2.2
9 2.2
10 2.2
11 2.2
12 2.2
13 2.2
14 2.2
15 2.2
16 2.2
17 2.2
18 2.2
19 2.2
20 2.2
21 2.2
22 2.2
23 2.2
24 2.2
25 2.2
26 2.2
27 2.2
28 2.2
29 2.2
30 2.1992
31 2.1968
32 2.1931
33 2.1882
34 2.1824
35 2.1757
36 2.1684
37 2.1605
38 2.1521
39 2.1434
40 2.1343
41 2.1251
42 2.1157
43 2.1063
44 2.0968
45 2.0873
46 2.0779
47 2.0685
48 2.0593
49 2.0502
50 2.0413
51 2.0326
52 2.024
53 2.0157
54 2.0075
55 1.9996
56 1.9919
57 1.9845
58 1.9772
59 1.9702
60 1.9635
61 1.9569
62 1.9506
63 1.9446
64 1.9387
65 1.9331
66 1.9277
67 1.9225
68 1.9175
69 1.9127
70 1.9081
71 1.9037
72 1.8995
73 1.8955
74 1.8916
75 1.8879
76 1.8844
77 1.881
78 1.8778
79 1.8747
80 1.8717
81 1.8689
82 1.8662
83 1.8637
84 1.8613
85 1.8589
86 1.8567
87 1.8546
88 1.8526
89 1.8507
90 1.8489
91 1.8471
92 1.8455
93 1.8439
94 1.8424
95 1.841
96 1.8396
97 1.8384
98 1.8371
99 1.836
100 1.8349
101 1.8338
102 1.8328
103 1.8319
104 1.831
105 1.8301
106 1.8293
107 1.8286
108 1.8278
109 1.8271
110 1.8265
111 1.8259
112 1.8253
113 1.8247
114 1.8242
115 1.8237
116 1.8232
117 1.8227
118 1.8223
119 1.8219
120 1.8215
121 1.8212
122 1.8208
123 1.8205
124 1.8202
125 1.8199
126 1.8196
127 1.8193
128 1.8191
129 1.8188
130 1.8186
131 1.8184
132 1.8182
133 1.818
134 1.8178
135 1.8177
136 1.8175
137 1.8173
138 1.8172
139 1.817
140 1.8169
141 1.8168
142 1.8167
143 1.8166
144 1.8165
145 1.8164
146 1.8163
147 1.8162
148 1.8161
149 1.816
150 1.8159
151 1.8159
152 1.8158
153 1.8157
154 1.8157
155 1.8156
156 1.8156
157 1.8155
158 1.8155
159 1.8154
160 1.8154
161 1.8153
162 1.8153
163 1.8153
164 1.8152
165 1.8152
166 1.8152
167 1.8151
168 1.8151
169 1.8151
170 1.815
171 1.815
172 1.815
173 1.815
174 1.815
175 1.8149
176 1.8149
177 1.8149
178 1.8149
179 1.8149
180 1.8149
181 1.8148
182 1.8148
183 1.8148
184 1.8148
185 1.8148
186 1.8148
187 1.8148
188 1.8148
189 1.8148
190 1.8148
191 1.8147
192 1.8147
193 1.8147
194 1.8147
195 1.8147
196 1.8147
197 1.8147
198 1.8147
199 1.8147
200 1.8147
