1 2.2
2 2.2
3 2.2
4 2.2
5 2.2
6 2.2
7 2.2
8 2.2
9 2.2
10 2.2
11 2.2
12 2.2
13 2.2
14 2.2
15 2.2
16 2.2
17 2.2
18 2.2
19 2.2
20 2.2
21 2.2
22 2.2
23 2.2
24 2.2
25 2.2
26 2.2
27 2.2
28 2.2
29 2.2
30 2.2008
31 2.2032
32 2.2069
33 2.2118
34 2.2176
35 2.2243
36 2.2316
37 2.2395
38 2.2479
39 2.2566
40 2.2657
41 2.2749
42 2.2843
43 2.2937
44 2.3032
45 2.3127
46 2.3221
47 2.3315
48 2.3407
49 2.3498
50 2.3587
51 2.3674
52 2.376
53 2.3843
54 2.3925
55 2.4004
56 2.4081
57 2.4155
58 2.4228
59 2.4298
60 2.4365
61 2.4431
62 2.4494
63 2.4554
64 2.4613
65 2.4669
66 2.4723
67 2.4775
68 2.4825
69 2.4873
70 2.4919
71 2.4963
72 2.5005
73 2.5045
74 2.5084
75 2.5121
76 2.5156
77 2.519
78 2.5222
79 2.5253
80 2.5283
81 2.5311
82 2.5338
83 2.5363
84 2.5387
85 2.5411
86 2.5433
87 2.5454
88 2.5474
89 2.5493
90 2.5511
91 2.5529
92 2.5545
93 2.5561
94 2.5576
95 2.559
96 2.5604
97 2.5616
98 2.5629
99 2.564
100 2.5651
101 2.5662
102 2.5672
103 2.5681
104 2.569
105 2.5699
106 2.5707
107 2.5714
108 2.5722
109 2.5729
110 2.5735
111 2.5741
112 2.5747
113 2.5753
114 2.5758
115 2.5763
116 2.5768
117 2.5773
118 2.5777
119 2.5781
120 2.5785
121 2.5788
122 2.5792
123 2.5795
124 2.5798
125 2.5801
126 2.5804
127 2.5807
128 2.5809
129 2.5812
130 2.5814
131 2.5816
132 2.5818
133 2.582
134 2.5822
135 2.5823
136 2.5825
137 2.5827
138 2.5828
139 2.583
140 2.5831
141 2.5832
142 2.5833
143 2.5834
144 2.5835
145 2.5836
146 2.5837
147 2.5838
148 2.5839
149 2.584
150 2.5841
151 2.5841
152 2.5842
153 2.5843
154 2.5843
155 2.5844
156 2.5844
157 2.5845
158 2.5845
159 2.5846
160 2.5846
161 2.5847
162 2.5847
163 2.5847
164 2.5848
165 2.5848
166 2.5848
167 2.5849
168 2.5849
169 2.5849
170 2.585
171 2.585
172 2.585
173 2.585
174 2.585
175 2.5851
176 2.5851
177 2.5851
178 2.5851
179 2.5851
180 2.5851
181 2.5852
182 2.5852
183 2.5852
184 2.5852
185 2.5852
186 2.5852
187 2.5852
188 2.5852
189 2.5852
190 2.5852
191 2.5853
192 2.5853
193 2.5853
194 2.5853
195 2.5853
196 2.5853
197 2.5853
198 2.5853
199 2.5853
200 2.5853
