1 2.2
2 2.2
3 2.2
4 2.2
5 2.2
6 2.2
7 2.2
8 2.2
9 2.2
10 2.2
11 2.2
12 2.2
13 2.2
14 2.2
15 2.2
16 2.2
17 2.2
18 2.2
19 2.2
20 2.2
21 2.2
22 2.2
23 2.2
24 2.2
25 2.2
26 2.2
27 2.2
28 2.2
29 2.2
30 2.1995
31 2.1981
32 2.1958
33 2.1929
34 2.1894
35 2.1854
36 2.181
37 2.1763
38 2.1713
39 2.166
40 2.1606
41 2.1551
42 2.1494
43 2.1438
44 2.1381
45 2.1324
46 2.1267
47 2.1211
48 2.1156
49 2.1101
50 2.1048
51 2.0995
52 2.0944
53 2.0894
54 2.0845
55 2.0798
56 2.0751
57 2.0707
58 2.0663
59 2.0621
60 2.0581
61 2.0542
62 2.0504
63 2.0467
64 2.0432
65 2.0399
66 2.0366
67 2.0335
68 2.0305
69 2.0276
70 2.0249
71 2.0222
72 2.0197
73 2.0173
74 2.015
75 2.0127
76 2.0106
77 2.0086
78 2.0067
79 2.0048
80 2.003
81 2.0014
82 1.9997
83 1.9982
84 1.9968
85 1.9954
86 1.994
87 1.9928
88 1.9916
89 1.9904
90 1.9893
91 1.9883
92 1.9873
93 1.9863
94 1.9854
95 1.9846
96 1.9838
97 1.983
98 1.9823
99 1.9816
100 1.9809
101 1.9803
102 1.9797
103 1.9791
104 1.9786
105 1.9781
106 1.9776
107 1.9771
108 1.9767
109 1.9763
110 1.9759
111 1.9755
112 1.9752
113 1.9748
114 1.9745
115 1.9742
116 1.9739
117 1.9736
118 1.9734
119 1.9731
120 1.9729
121 1.9727
122 1.9725
123 1.9723
124 1.9721
125 1.9719
126 1.9718
127 1.9716
128 1.9714
129 1.9713
130 1.9712
131 1.971
132 1.9709
133 1.9708
134 1.9707
135 1.9706
136 1.9705
137 1.9704
138 1.9703
139 1.9702
140 1.9702
141 1.9701
142 1.97
143 1.9699
144 1.9699
145 1.9698
146 1.9698
147 1.9697
148 1.9697
149 1.9696
150 1.9696
151 1.9695
152 1.9695
153 1.9694
154 1.9694
155 1.9694
156 1.9693
157 1.9693
158 1.9693
159 1.9693
160 1.9692
161 1.9692
162 1.9692
163 1.9692
164 1.9691
165 1.9691
166 1.9691
167 1.9691
168 1.9691
169 1.969
170 1.969
171 1.969
172 1.969
173 1.969
174 1.969
175 1.969
176 1.969
177 1.9689
178 1.9689
179 1.9689
180 1.9689
181 1.9689
182 1.9689
183 1.9689
184 1.9689
185 1.9689
186 1.9689
187 1.9689
188 1.9689
189 1.9689
190 1.9689
191 1.9688
192 1.9688
193 1.9688
194 1.9688
195 1.9688
196 1.9688
197 1.9688
198 1.9688
199 1.9688
200 1.9688
