1 2.2
2 2.2
3 2.2
4 2.2
5 2.2
6 2.2
7 2.2
8 2.2
9 2.2
10 2.2
11 2.2
12 2.2
13 2.2
14 2.2
15 2.2
16 2.2
17 2.2
18 2.2
19 2.2
20 2.2
21 2.2
22 2.2
23 2.2
24 2.2
25 2.2
26 2.2
27 2.2
28 2.2
29 2.2
30 2.2002
31 2.2006
32 2.2014
33 2.2024
34 2.2035
35 2.2049
36 2.2063
37 2.2079
38 2.2096
39 2.2113
40 2.2131
41 2.215
42 2.2169
43 2.2187
44 2.2206
45 2.2225
46 2.2244
47 2.2263
48 2.2281
49 2.23
50 2.2317
51 2.2335
52 2.2352
53 2.2369
54 2.2385
55 2.2401
56 2.2416
57 2.2431
58 2.2446
59 2.246
60 2.2473
61 2.2486
62 2.2499
63 2.2511
64 2.2523
65 2.2534
66 2.2545
67 2.2555
68 2.2565
69 2.2575
70 2.2584
71 2.2593
72 2.2601
73 2.2609
74 2.2617
75 2.2624
76 2.2631
77 2.2638
78 2.2644
79 2.2651
80 2.2657
81 2.2662
82 2.2668
83 2.2673
84 2.2677
85 2.2682
86 2.2687
87 2.2691
88 2.2695
89 2.2699
90 2.2702
91 2.2706
92 2.2709
93 2.2712
94 2.2715
95 2.2718
96 2.2721
97 2.2723
98 2.2726
99 2.2728
100 2.273
101 2.2732
102 2.2734
103 2.2736
104 2.2738
105 2.274
106 2.2741
107 2.2743
108 2.2744
109 2.2746
110 2.2747
111 2.2748
112 2.2749
113 2.2751
114 2.2752
115 2.2753
116 2.2754
117 2.2755
118 2.2755
119 2.2756
120 2.2757
121 2.2758
122 2.2758
123 2.2759
124 2.276
125 2.276
126 2.2761
127 2.2761
128 2.2762
129 2.2762
130 2.2763
131 2.2763
132 2.2764
133 2.2764
134 2.2764
135 2.2765
136 2.2765
137 2.2765
138 2.2766
139 2.2766
140 2.2766
141 2.2766
142 2.2767
143 2.2767
144 2.2767
145 2.2767
146 2.2767
147 2.2768
148 2.2768
149 2.2768
150 2.2768
151 2.2768
152 2.2768
153 2.2769
154 2.2769
155 2.2769
156 2.2769
157 2.2769
158 2.2769
159 2.2769
160 2.2769
161 2.2769
162 2.2769
163 2.2769
164 2.277
165 2.277
166 2.277
167 2.277
168 2.277
169 2.277
170 2.277
171 2.277
172 2.277
173 2.277
174 2.277
175 2.277
176 2.277
177 2.277
178 2.277
179 2.277
180 2.277
181 2.277
182 2.277
183 2.277
184 2.277
185 2.277
186 2.277
187 2.277
188 2.277
189 2.277
190 2.277
191 2.2771
192 2.2771
193 2.2771
194 2.2771
195 2.2771
196 2.2771
197 2.2771
198 2.2771
199 2.2771
200 2.2771
