1 0
2 0
3 0
4 0
5 0
6 0
7 0
8 0
9 0
10 0
11 0
12 -0.086897
13 -0.033945
14 0.012421
15 -0.019277
16 -0.095131
17 -0.12731
18 -0.016532
19 0.0084911
20 0.0040942
21 2.9714
22 3.6746
23 3.2785
24 2.5362
25 1.8858
26 1.3035
27 0.96993
28 0.65822
29 0.50025
30 0.58248
31 0.5623
32 0.63253
33 0.6573
34 0.69796
35 0.63243
36 0.63053
37 0.64562
38 0.65239
39 0.638
40 0.69929
41 0.72683
42 0.68676
43 0.61769
44 0.59239
45 0.64789
46 0.73865
47 0.82061
48 0.78354
49 0.65746
50 0.63483
51 0.5982
52 0.61185
53 0.71273
54 0.63901
55 0.57855
56 0.61213
57 0.61653
58 0.70887
59 0.69466
60 0.632
61 0.6195
62 -0.46459
63 -0.86431
64 -1.2448
65 -1.1605
66 -0.90891
67 -0.6706
68 -0.41302
69 -0.28294
70 -0.11468
71 -0.022486
72 -0.0029315
73 0.0063538
74 0.023911
75 0.084859
76 0.090499
77 0.016046
78 -0.034398
79 0.0162
80 0.00069312
81 -0.0087227
82 0.041562
83 0.067454
84 0.0059381
85 0.076401
86 0.023626
87 -0.0023106
88 0.076504
89 0.063939
90 0.10673
91 0.058134
92 0.055298
93 0.092558
94 0.032618
95 0.006382
96 0.032822
97 0.022211
98 0.099499
99 0.12534
100 0.13496
101 0.080004
102 0.057589
103 -0.045675
104 -0.0046717
105 0.0036982
106 0.038917
107 0.064272
108 0.08695
109 0.059198
110 0.13306
111 0.058467
112 0.064369
113 0.1179
114 0.072055
115 0.046654
116 0.00034178
117 0.073176
118 0.042784
119 0.090389
120 0.16169
121 0.17229
122 0.096756
123 0.0025304
124 0.064989
125 0.071923
126 0.11251
127 0.018054
128 0.07527
129 0.016524
130 0.084359
131 0.053296
132 0.12816
133 0.045926
134 0.14844
135 0.084581
136 0.063664
137 0.076632
138 0.09713
139 0.054151
140 0.087055
141 0.058862
142 0.15744
143 0.16133
144 0.080795
145 -0.028739
146 0.019862
147 -0.019245
148 -0.001076
149 0.043401
150 0.061092
151 -0.0043578
152 0.095032
153 0.074601
154 0.094202
155 0.07678
156 0.082931
157 0.074557
158 0.090812
159 0.14779
160 0.12898
161 0.078474
162 0.034619
163 0.0041754
164 -0.054221
165 0.078479
166 0.067133
167 0.1002
168 0.094971
169 0.11828
170 0.10261
171 0.058801
172 0.039488
173 0.1086
174 0.056104
175 0.057686
176 -0.018045
177 0.0753
178 0.1102
179 0.1772
180 0.11626
181 0.034124
182 0.035296
183 0.049962
184 0.067408
185 0.068237
186 0.02202
187 0.040382
188 0.072692
189 0.059711
190 0.12529
191 0.074008
192 0.082571
193 -0.015173
194 0.055659
195 0.053376
196 0.086277
197 0.13242
198 0.078094
199 0.16078
200 0.17028
