1 0
2 0
3 0
4 0
5 0
6 0
7 0
8 0
9 0
10 0
11 0
12 0
13 0
14 0
15 0
16 0
17 -0.0066829
18 -0.0089507
19 -0.0075362
20 -0.0086318
21 -0.015505
22 -0.0245
23 -0.024514
24 -0.022602
25 -0.021126
26 0.20848
27 0.48039
28 0.70788
29 0.86661
30 0.96716
31 1.0178
32 1.0401
33 1.0373
34 1.0225
35 1.0147
36 1.0058
37 1.0027
38 1.0017
39 1.0039
40 1.0009
41 0.99786
42 0.99617
43 0.99508
44 0.99294
45 0.99563
46 1.0003
47 1.0016
48 0.99757
49 0.99178
50 0.99056
51 0.99638
52 1.0082
53 1.0166
54 1.0148
55 1.0114
56 1.0053
57 1.0006
58 1.0039
59 1.0014
60 0.99432
61 0.9902
62 0.98664
63 0.99036
64 1.0985
65 1.1894
66 1.2684
67 1.2545
68 1.2057
69 1.126
70 1.0531
71 0.99992
72 0.96491
73 0.94892
74 0.94149
75 0.94538
76 0.95438
77 0.96287
78 0.97026
79 0.9774
80 0.98779
81 0.99714
82 0.99944
83 0.99701
84 0.99794
85 0.99706
86 0.99499
87 0.99644
88 0.99942
89 0.99716
90 1.0001
91 0.99862
92 0.99496
93 0.99733
94 0.99842
95 1.0026
96 1.0027
97 1.0024
98 1.0049
99 1.0025
100 0.99817
101 0.99601
102 0.99308
103 0.99618
104 1.0011
105 1.0064
106 1.0072
107 1.0061
108 0.99718
109 0.99182
110 0.98735
111 0.9858
112 0.98626
113 0.98842
114 0.98832
115 0.9939
116 0.99343
117 0.99344
118 0.99755
119 0.99792
120 0.99631
121 0.99121
122 0.99197
123 0.99035
124 0.99247
125 0.99996
126 1.0079
127 1.0096
128 1.0039
129 1.0034
130 1.0034
131 1.0065
132 1.0022
133 1.0026
134 0.99835
135 0.99957
136 0.99834
137 1.0029
138 1.001
139 1.007
140 1.0078
141 1.0069
142 1.0071
143 1.0088
144 1.0072
145 1.0081
146 1.0069
147 1.0133
148 1.0197
149 1.0195
150 1.0109
151 1.0065
152 0.99935
153 0.99394
154 0.99223
155 0.99196
156 0.98668
157 0.98931
158 0.99023
159 0.99262
160 0.99354
161 0.99489
162 0.99552
163 0.99738
164 1.0035
165 1.0079
166 1.0082
167 1.005
168 0.99975
169 0.99023
170 0.9914
171 0.99165
172 0.99442
173 0.99665
174 1.0006
175 1.0031
176 1.0021
177 0.99963
178 1.0026
179 1.0015
180 1.0005
181 0.99369
182 0.99444
183 0.99784
184 1.0062
185 1.0095
186 1.0063
187 1.0033
188 1.0016
189 1.0013
190 1.0012
191 0.99743
192 0.99531
193 0.99578
194 0.99522
195 0.99974
196 1.0001
197 1.0011
198 0.99449
199 0.99369
200 0.99276
