1 -0.028091
2 0.067699
3 -0.021889
4 0.0031401
5 0.045378
6 0.039004
7 -0.023959
8 0.023356
9 -0.035239
10 -0.053944
11 0.020908
12 -0.054696
13 -0.067612
14 -0.0018989
15 0.043819
16 0.038511
17 -0.047278
18 0.001179
19 0.025389
20 0.030796
21 0.049355
22 0.050162
23 0.027079
24 -0.045046
25 0.0012555
26 -0.043637
27 0.038993
28 0.055089
29 -0.063293
30 0.026421
31 -0.010841
32 -0.015114
33 -0.028116
34 0.039953
35 0.012118
36 -0.0037589
37 0.013195
38 0.032041
39 -0.027497
40 -0.02513
41 0.021772
42 0.050143
43 0.039534
44 -0.0036557
45 -0.042114
46 -0.074086
47 -0.029301
48 0.03572
49 -0.017365
50 0.0089724
51 0.0067287
52 -0.069657
53 0.039562
54 0.064027
55 -0.00123
56 0.031578
57 -0.023949
58 0.018852
59 0.067142
60 0.04148
61 0.97787
62 0.96776
63 1.0017
64 0.9925
65 0.99802
66 1.0402
67 1.007
68 1.0526
69 0.99864
70 0.99579
71 1.0251
72 1.0135
73 0.99336
74 0.94978
75 0.9647
76 1.0195
77 1.0172
78 0.95358
79 1.0038
80 1.0167
81 0.96284
82 0.96843
83 1.0378
84 0.94454
85 1.0141
86 1.0309
87 0.94336
88 0.99588
89 0.96284
90 1.0028
91 0.98665
92 0.94779
93 1.0195
94 1.0189
95 0.98044
96 1.0167
97 0.95749
98 0.96095
99 0.96353
100 0.99654
101 0.98342
102 1.0604
103 0.99775
104 1.0178
105 1.0182
106 1.0118
107 1.0061
108 1.0393
109 0.96319
110 1.0517
111 1.0217
112 0.96365
113 1.0351
114 1.0374
115 1.054
116 0.98671
117 1.0518
118 1.0083
119 0.95372
120 0.97546
121 1.0294
122 1.0567
123 0.96259
124 0.99648
125 0.97923
126 1.0594
127 0.97166
128 1.0421
129 0.98025
130 1.0246
131 0.95812
132 1.0474
133 0.93034
134 1.0102
135 1.0133
136 0.97405
137 0.96944
138 1.0193
139 0.96723
140 0.99911
141 0.91083
142 0.93419
143 0.99858
144 1.0354
145 0.94784
146 1.0215
147 1.0156
148 0.98139
149 0.99924
150 1.0693
151 0.95571
152 1.0152
153 1.0066
154 1.0102
155 0.99981
156 1.0089
157 0.99205
158 0.94645
159 0.98153
160 1.0074
161 1.0082
162 1.0191
163 1.0702
164 0.94769
165 1.0215
166 1.0043
167 0.9988
168 0.97808
169 0.99597
170 1.0215
171 1.0135
172 0.94922
173 1.0287
174 1.0079
175 1.0599
176 0.96482
177 0.97717
178 0.94459
179 1.0001
180 1.0315
181 0.98485
182 0.98358
183 0.99068
184 0.99492
185 1.0324
186 1.0005
187 0.98474
188 1.0201
189 0.95685
190 1.0189
191 0.99347
192 1.0677
193 0.97948
194 1.0134
195 1.0037
196 0.96582
197 1.0277
198 0.9296
199 0.93846
200 0.95859
