1 2.2
2 2.2
3 2.2
4 2.2
5 2.2
6 2.2
7 2.2
8 2.2
9 2.2
10 2.2
11 2.2
12 2.2
13 2.2
14 2.2
15 2.2
16 2.2
17 2.2
18 2.2
19 2.2
20 2.2
21 2.5
22 2.5
23 2.5
24 2.5
25 2.5
26 2.5
27 2.5
28 2.5
29 2.5
30 2.5
31 2.5
32 2.5
33 2.5
34 2.5
35 2.5
36 2.5
37 2.5
38 2.5
39 2.5
40 2.5
41 2.5
42 2.5
43 2.5
44 2.5
45 2.5
46 2.5
47 2.5
48 2.5
49 2.5
50 2.5
51 2.5
52 2.5
53 2.5
54 2.5
55 2.5
56 2.5
57 2.5
58 2.5
59 2.5
60 2.5
61 2.5
62 2.5
63 2.5
64 2.5
65 2.5
66 2.5
67 2.5
68 2.5
69 2.5
70 2.5
71 2.5
72 2.5
73 2.5
74 2.5
75 2.5
76 2.5
77 2.5
78 2.5
79 2.5
80 2.5
81 2.5
82 2.5
83 2.5
84 2.5
85 2.5
86 2.5
87 2.5
88 2.5
89 2.5
90 2.5
91 2.5
92 2.5
93 2.5
94 2.5
95 2.5
96 2.5
97 2.5
98 2.5
99 2.5
100 2.5
101 2.5
102 2.5
103 2.5
104 2.5
105 2.5
106 2.5
107 2.5
108 2.5
109 2.5
110 2.5
111 2.5
112 2.5
113 2.5
114 2.5
115 2.5
116 2.5
117 2.5
118 2.5
119 2.5
120 2.5
121 2.5
122 2.5
123 2.5
124 2.5
125 2.5
126 2.5
127 2.5
128 2.5
129 2.5
130 2.5
131 2.5
132 2.5
133 2.5
134 2.5
135 2.5
136 2.5
137 2.5
138 2.5
139 2.5
140 2.5
141 2.5
142 2.5
143 2.5
144 2.5
145 2.5
146 2.5
147 2.5
148 2.5
149 2.5
150 2.5
151 2.5
152 2.5
153 2.5
154 2.5
155 2.5
156 2.5
157 2.5
158 2.5
159 2.5
160 2.5
161 2.5
162 2.5
163 2.5
164 2.5
165 2.5
166 2.5
167 2.5
168 2.5
169 2.5
170 2.5
171 2.5
172 2.5
173 2.5
174 2.5
175 2.5
176 2.5
177 2.5
178 2.5
179 2.5
180 2.5
181 2.5
182 2.5
183 2.5
184 2.5
185 2.5
186 2.5
187 2.5
188 2.5
189 2.5
190 2.5
191 2.5
192 2.5
193 2.5
194 2.5
195 2.5
196 2.5
197 2.5
198 2.5
199 2.5
200 2.5
201 2.5
202 2.5
203 2.5
204 2.5
205 2.5
206 2.5
207 2.5
208 2.5
209 2.5
210 2.5
211 2.5
212 2.5
213 2.5
214 2.5
215 2.5
216 2.5
217 2.5
218 2.5
219 2.5
220 2.5
221 2.5
222 2.5
223 2.5
224 2.5
225 2.5
226 2.5
227 2.5
228 2.5
229 2.5
230 2.5
231 2.5
232 2.5
233 2.5
234 2.5
235 2.5
236 2.5
237 2.5
238 2.5
239 2.5
240 2.5
241 2.5
242 2.5
243 2.5
244 2.5
245 2.5
246 2.5
247 2.5
248 2.5
249 2.5
250 2.5
251 2.5
252 2.5
253 2.5
254 2.5
255 2.5
256 2.5
257 2.5
258 2.5
259 2.5
260 2.5
261 2.5
262 2.5
263 2.5
264 2.5
265 2.5
266 2.5
267 2.5
268 2.5
269 2.5
270 2.5
271 2.5
272 2.5
273 2.5
274 2.5
275 2.5
276 2.5
277 2.5
278 2.5
279 2.5
280 2.5
281 2.5
282 2.5
283 2.5
284 2.5
285 2.5
286 2.5
287 2.5
288 2.5
289 2.5
290 2.5
291 2.5
292 2.5
293 2.5
294 2.5
295 2.5
296 2.5
297 2.5
298 2.5
299 2.5
300 2.5
301 2.5
302 2.5
303 2.5
304 2.5
305 2.5
306 2.5
307 2.5
308 2.5
309 2.5
310 2.5
311 2.5
312 2.5
313 2.5
314 2.5
315 2.5
316 2.5
317 2.5
318 2.5
319 2.5
320 2.5
321 2.5
322 2.5
323 2.5
324 2.5
325 2.5
326 2.5
327 2.5
328 2.5
329 2.5
330 2.5
331 2.5
332 2.5
333 2.5
334 2.5
335 2.5
336 2.5
337 2.5
338 2.5
339 2.5
340 2.5
341 2.5
342 2.5
343 2.5
344 2.5
345 2.5
346 2.5
347 2.5
348 2.5
349 2.5
350 2.5
351 2.5
352 2.5
353 2.5
354 2.5
355 2.5
356 2.5
357 2.5
358 2.5
359 2.5
360 2.5
361 2.5
362 2.5
363 2.5
364 2.5
365 2.5
366 2.5
367 2.5
368 2.5
369 2.5
370 2.5
371 2.5
372 2.5
373 2.5
374 2.5
375 2.5
376 2.5
377 2.5
378 2.5
379 2.5
380 2.5
381 2.5
382 2.5
383 2.5
384 2.5
385 2.5
386 2.5
387 2.5
388 2.5
389 2.5
390 2.5
391 2.5
392 2.5
393 2.5
394 2.5
395 2.5
396 2.5
397 2.5
398 2.5
399 2.5
400 2.5
401 2.5
402 2.5
403 2.5
404 2.5
405 2.5
406 2.5
407 2.5
408 2.5
409 2.5
410 2.5
411 2.5
412 2.5
413 2.5
414 2.5
415 2.5
416 2.5
417 2.5
418 2.5
419 2.5
420 2.5
421 2.5
422 2.5
423 2.5
424 2.5
425 2.5
426 2.5
427 2.5
428 2.5
429 2.5
430 2.5
431 2.5
432 2.5
433 2.5
434 2.5
435 2.5
436 2.5
437 2.5
438 2.5
439 2.5
440 2.5
441 2.5
442 2.5
443 2.5
444 2.5
445 2.5
446 2.5
447 2.5
448 2.5
449 2.5
450 2.5
451 2.5
452 2.5
453 2.5
454 2.5
455 2.5
456 2.5
457 2.5
458 2.5
459 2.5
460 2.5
461 2.5
462 2.5
463 2.5
464 2.5
465 2.5
466 2.5
467 2.5
468 2.5
469 2.5
470 2.5
471 2.5
472 2.5
473 2.5
474 2.5
475 2.5
476 2.5
477 2.5
478 2.5
479 2.5
480 2.5
481 2.5
482 2.5
483 2.5
484 2.5
485 2.5
486 2.5
487 2.5
488 2.5
489 2.5
490 2.5
491 2.5
492 2.5
493 2.5
494 2.5
495 2.5
496 2.5
497 2.5
498 2.5
499 2.5
500 2.5
501 2.5
502 2.5
503 2.5
504 2.5
505 2.5
506 2.5
507 2.5
508 2.5
509 2.5
510 2.5
511 2.5
512 2.5
513 2.5
514 2.5
515 2.5
516 2.5
517 2.5
518 2.5
519 2.5
520 2.5
521 2.5
522 2.5
523 2.5
524 2.5
525 2.5
526 2.5
527 2.5
528 2.5
529 2.5
530 2.5
531 2.5
532 2.5
533 2.5
534 2.5
535 2.5
536 2.5
537 2.5
538 2.5
539 2.5
540 2.5
541 2.5
542 2.5
543 2.5
544 2.5
545 2.5
546 2.5
547 2.5
548 2.5
549 2.5
550 2.5
551 2.5
552 2.5
553 2.5
554 2.5
555 2.5
556 2.5
557 2.5
558 2.5
559 2.5
560 2.5
561 2.5
562 2.5
563 2.5
564 2.5
565 2.5
566 2.5
567 2.5
568 2.5
569 2.5
570 2.5
571 2.5
572 2.5
573 2.5
574 2.5
575 2.5
576 2.5
577 2.5
578 2.5
579 2.5
580 2.5
581 2.5
582 2.5
583 2.5
584 2.5
585 2.5
586 2.5
587 2.5
588 2.5
589 2.5
590 2.5
591 2.5
592 2.5
593 2.5
594 2.5
595 2.5
596 2.5
597 2.5
598 2.5
599 2.5
600 2.5
601 2.5
602 2.5
603 2.5
604 2.5
605 2.5
606 2.5
607 2.5
608 2.5
609 2.5
610 2.5
611 2.5
612 2.5
613 2.5
614 2.5
615 2.5
616 2.5
617 2.5
618 2.5
619 2.5
620 2.5
621 2.5
622 2.5
623 2.5
624 2.5
625 2.5
626 2.5
627 2.5
628 2.5
629 2.5
630 2.5
631 2.5
632 2.5
633 2.5
634 2.5
635 2.5
636 2.5
637 2.5
638 2.5
639 2.5
640 2.5
641 2.5
642 2.5
643 2.5
644 2.5
645 2.5
646 2.5
647 2.5
648 2.5
649 2.5
650 2.5
651 2.5
652 2.5
653 2.5
654 2.5
655 2.5
656 2.5
657 2.5
658 2.5
659 2.5
660 2.5
661 2.5
662 2.5
663 2.5
664 2.5
665 2.5
666 2.5
667 2.5
668 2.5
669 2.5
670 2.5
671 2.5
672 2.5
673 2.5
674 2.5
675 2.5
676 2.5
677 2.5
678 2.5
679 2.5
680 2.5
681 2.5
682 2.5
683 2.5
684 2.5
685 2.5
686 2.5
687 2.5
688 2.5
689 2.5
690 2.5
691 2.5
692 2.5
693 2.5
694 2.5
695 2.5
696 2.5
697 2.5
698 2.5
699 2.5
700 2.5
701 2.5
702 2.5
703 2.5
704 2.5
705 2.5
706 2.5
707 2.5
708 2.5
709 2.5
710 2.5
711 2.5
712 2.5
713 2.5
714 2.5
715 2.5
716 2.5
717 2.5
718 2.5
719 2.5
720 2.5
721 2.5
722 2.5
723 2.5
724 2.5
725 2.5
726 2.5
727 2.5
728 2.5
729 2.5
730 2.5
731 2.5
732 2.5
733 2.5
734 2.5
735 2.5
736 2.5
737 2.5
738 2.5
739 2.5
740 2.5
741 2.5
742 2.5
743 2.5
744 2.5
745 2.5
746 2.5
747 2.5
748 2.5
749 2.5
750 2.5
751 2.5
752 2.5
753 2.5
754 2.5
755 2.5
756 2.5
757 2.5
758 2.5
759 2.5
760 2.5
761 2.5
762 2.5
763 2.5
764 2.5
765 2.5
766 2.5
767 2.5
768 2.5
769 2.5
770 2.5
771 2.5
772 2.5
773 2.5
774 2.5
775 2.5
776 2.5
777 2.5
778 2.5
779 2.5
780 2.5
781 2.5
782 2.5
783 2.5
784 2.5
785 2.5
786 2.5
787 2.5
788 2.5
789 2.5
790 2.5
791 2.5
792 2.5
793 2.5
794 2.5
795 2.5
796 2.5
797 2.5
798 2.5
799 2.5
800 2.5
801 2.5
802 2.5
803 2.5
804 2.5
805 2.5
806 2.5
807 2.5
808 2.5
809 2.5
810 2.5
811 2.5
812 2.5
813 2.5
814 2.5
815 2.5
816 2.5
817 2.5
818 2.5
819 2.5
820 2.5
821 2.5
822 2.5
823 2.5
824 2.5
825 2.5
826 2.5
827 2.5
828 2.5
829 2.5
830 2.5
831 2.5
832 2.5
833 2.5
834 2.5
835 2.5
836 2.5
837 2.5
838 2.5
839 2.5
840 2.5
841 2.5
842 2.5
843 2.5
844 2.5
845 2.5
846 2.5
847 2.5
848 2.5
849 2.5
850 2.5
851 2.5
852 2.5
853 2.5
854 2.5
855 2.5
856 2.5
857 2.5
858 2.5
859 2.5
860 2.5
861 2.5
862 2.5
863 2.5
864 2.5
865 2.5
866 2.5
867 2.5
868 2.5
869 2.5
870 2.5
871 2.5
872 2.5
873 2.5
874 2.5
875 2.5
876 2.5
877 2.5
878 2.5
879 2.5
880 2.5
881 2.5
882 2.5
883 2.5
884 2.5
885 2.5
886 2.5
887 2.5
888 2.5
889 2.5
890 2.5
891 2.5
892 2.5
893 2.5
894 2.5
895 2.5
896 2.5
897 2.5
898 2.5
899 2.5
900 2.5
901 2.5
902 2.5
903 2.5
904 2.5
905 2.5
906 2.5
907 2.5
908 2.5
909 2.5
910 2.5
911 2.5
912 2.5
913 2.5
914 2.5
915 2.5
916 2.5
917 2.5
918 2.5
919 2.5
920 2.5
921 2.5
922 2.5
923 2.5
924 2.5
925 2.5
926 2.5
927 2.5
928 2.5
929 2.5
930 2.5
931 2.5
932 2.5
933 2.5
934 2.5
935 2.5
936 2.5
937 2.5
938 2.5
939 2.5
940 2.5
941 2.5
942 2.5
943 2.5
944 2.5
945 2.5
946 2.5
947 2.5
948 2.5
949 2.5
950 2.5
951 2.5
952 2.5
953 2.5
954 2.5
955 2.5
956 2.5
957 2.5
958 2.5
959 2.5
960 2.5
961 2.5
962 2.5
963 2.5
964 2.5
965 2.5
966 2.5
967 2.5
968 2.5
969 2.5
970 2.5
971 2.5
972 2.5
973 2.5
974 2.5
975 2.5
976 2.5
977 2.5
978 2.5
979 2.5
980 2.5
981 2.5
982 2.5
983 2.5
984 2.5
985 2.5
986 2.5
987 2.5
988 2.5
989 2.5
990 2.5
991 2.5
992 2.5
993 2.5
994 2.5
995 2.5
996 2.5
997 2.5
998 2.5
999 2.5
1000 2.5
1001 2.5
1002 2.5
1003 2.5
1004 2.5
1005 2.5
1006 2.5
1007 2.5
1008 2.5
1009 2.5
1010 2.5
1011 2.5
1012 2.5
1013 2.5
1014 2.5
1015 2.5
1016 2.5
1017 2.5
1018 2.5
1019 2.5
1020 2.5
1021 2.5
1022 2.5
1023 2.5
1024 2.5
1025 2.5
1026 2.5
1027 2.5
1028 2.5
1029 2.5
1030 2.5
1031 2.5
1032 2.5
1033 2.5
1034 2.5
1035 2.5
1036 2.5
1037 2.5
1038 2.5
1039 2.5
1040 2.5
1041 2.5
1042 2.5
1043 2.5
1044 2.5
1045 2.5
1046 2.5
1047 2.5
1048 2.5
1049 2.5
1050 2.5
1051 2.5
1052 2.5
1053 2.5
1054 2.5
1055 2.5
1056 2.5
1057 2.5
1058 2.5
1059 2.5
1060 2.5
1061 2.5
1062 2.5
1063 2.5
1064 2.5
1065 2.5
1066 2.5
1067 2.5
1068 2.5
1069 2.5
1070 2.5
1071 2.5
1072 2.5
1073 2.5
1074 2.5
1075 2.5
1076 2.5
1077 2.5
1078 2.5
1079 2.5
1080 2.5
1081 2.5
1082 2.5
1083 2.5
1084 2.5
1085 2.5
1086 2.5
1087 2.5
1088 2.5
1089 2.5
1090 2.5
1091 2.5
1092 2.5
1093 2.5
1094 2.5
1095 2.5
1096 2.5
1097 2.5
1098 2.5
1099 2.5
1100 2.5
1101 2.5
1102 2.5
1103 2.5
1104 2.5
1105 2.5
1106 2.5
1107 2.5
1108 2.5
1109 2.5
1110 2.5
1111 2.5
1112 2.5
1113 2.5
1114 2.5
1115 2.5
1116 2.5
1117 2.5
1118 2.5
1119 2.5
1120 2.5
1121 2.5
1122 2.5
1123 2.5
1124 2.5
1125 2.5
1126 2.5
1127 2.5
1128 2.5
1129 2.5
1130 2.5
1131 2.5
1132 2.5
1133 2.5
1134 2.5
1135 2.5
1136 2.5
1137 2.5
1138 2.5
1139 2.5
1140 2.5
1141 2.5
1142 2.5
1143 2.5
1144 2.5
1145 2.5
1146 2.5
1147 2.5
1148 2.5
1149 2.5
1150 2.5
1151 2.5
1152 2.5
1153 2.5
1154 2.5
1155 2.5
1156 2.5
1157 2.5
1158 2.5
1159 2.5
1160 2.5
1161 2.5
1162 2.5
1163 2.5
1164 2.5
1165 2.5
1166 2.5
1167 2.5
1168 2.5
1169 2.5
1170 2.5
1171 2.5
1172 2.5
1173 2.5
1174 2.5
1175 2.5
1176 2.5
1177 2.5
1178 2.5
1179 2.5
1180 2.5
1181 2.5
1182 2.5
1183 2.5
1184 2.5
1185 2.5
1186 2.5
1187 2.5
1188 2.5
1189 2.5
1190 2.5
1191 2.5
1192 2.5
1193 2.5
1194 2.5
1195 2.5
1196 2.5
1197 2.5
1198 2.5
1199 2.5
1200 2.5
1201 2.5
1202 2.5
1203 2.5
1204 2.5
1205 2.5
1206 2.5
1207 2.5
1208 2.5
1209 2.5
1210 2.5
1211 2.5
1212 2.5
1213 2.5
1214 2.5
1215 2.5
1216 2.5
1217 2.5
1218 2.5
1219 2.5
1220 2.5
1221 2.5
1222 2.5
1223 2.5
1224 2.5
1225 2.5
1226 2.5
1227 2.5
1228 2.5
1229 2.5
1230 2.5
1231 2.5
1232 2.5
1233 2.5
1234 2.5
1235 2.5
1236 2.5
1237 2.5
1238 2.5
1239 2.5
1240 2.5
1241 2.5
1242 2.5
1243 2.5
1244 2.5
1245 2.5
1246 2.5
1247 2.5
1248 2.5
1249 2.5
1250 2.5
1251 2.5
1252 2.5
1253 2.5
1254 2.5
1255 2.5
1256 2.5
1257 2.5
1258 2.5
1259 2.5
1260 2.5
1261 2.5
1262 2.5
1263 2.5
1264 2.5
1265 2.5
1266 2.5
1267 2.5
1268 2.5
1269 2.5
1270 2.5
1271 2.5
1272 2.5
1273 2.5
1274 2.5
1275 2.5
1276 2.5
1277 2.5
1278 2.5
1279 2.5
1280 2.5
1281 2.5
1282 2.5
1283 2.5
1284 2.5
1285 2.5
1286 2.5
1287 2.5
1288 2.5
1289 2.5
1290 2.5
1291 2.5
1292 2.5
1293 2.5
1294 2.5
1295 2.5
1296 2.5
1297 2.5
1298 2.5
1299 2.5
1300 2.5
1301 2.5
1302 2.5
1303 2.5
1304 2.5
1305 2.5
1306 2.5
1307 2.5
1308 2.5
1309 2.5
1310 2.5
1311 2.5
1312 2.5
1313 2.5
1314 2.5
1315 2.5
1316 2.5
1317 2.5
1318 2.5
1319 2.5
1320 2.5
1321 2.5
1322 2.5
1323 2.5
1324 2.5
1325 2.5
1326 2.5
1327 2.5
1328 2.5
1329 2.5
1330 2.5
1331 2.5
1332 2.5
1333 2.5
1334 2.5
1335 2.5
1336 2.5
1337 2.5
1338 2.5
1339 2.5
1340 2.5
1341 2.5
1342 2.5
1343 2.5
1344 2.5
1345 2.5
1346 2.5
1347 2.5
1348 2.5
1349 2.5
1350 2.5
1351 2.5
1352 2.5
1353 2.5
1354 2.5
1355 2.5
1356 2.5
1357 2.5
1358 2.5
1359 2.5
1360 2.5
1361 2.5
1362 2.5
1363 2.5
1364 2.5
1365 2.5
1366 2.5
1367 2.5
1368 2.5
1369 2.5
1370 2.5
1371 2.5
1372 2.5
1373 2.5
1374 2.5
1375 2.5
1376 2.5
1377 2.5
1378 2.5
1379 2.5
1380 2.5
1381 2.5
1382 2.5
1383 2.5
1384 2.5
1385 2.5
1386 2.5
1387 2.5
1388 2.5
1389 2.5
1390 2.5
1391 2.5
1392 2.5
1393 2.5
1394 2.5
1395 2.5
1396 2.5
1397 2.5
1398 2.5
1399 2.5
1400 2.5
1401 2.5
1402 2.5
1403 2.5
1404 2.5
1405 2.5
1406 2.5
1407 2.5
1408 2.5
1409 2.5
1410 2.5
1411 2.5
1412 2.5
1413 2.5
1414 2.5
1415 2.5
1416 2.5
1417 2.5
1418 2.5
1419 2.5
1420 2.5
1421 2.5
1422 2.5
1423 2.5
1424 2.5
1425 2.5
1426 2.5
1427 2.5
1428 2.5
1429 2.5
1430 2.5
1431 2.5
1432 2.5
1433 2.5
1434 2.5
1435 2.5
1436 2.5
1437 2.5
1438 2.5
1439 2.5
1440 2.5
1441 2.5
1442 2.5
1443 2.5
1444 2.5
1445 2.5
1446 2.5
1447 2.5
1448 2.5
1449 2.5
1450 2.5
1451 2.5
1452 2.5
1453 2.5
1454 2.5
1455 2.5
1456 2.5
1457 2.5
1458 2.5
1459 2.5
1460 2.5
1461 2.5
1462 2.5
1463 2.5
1464 2.5
1465 2.5
1466 2.5
1467 2.5
1468 2.5
1469 2.5
1470 2.5
1471 2.5
1472 2.5
1473 2.5
1474 2.5
1475 2.5
1476 2.5
1477 2.5
1478 2.5
1479 2.5
1480 2.5
1481 2.5
1482 2.5
1483 2.5
1484 2.5
1485 2.5
1486 2.5
1487 2.5
1488 2.5
1489 2.5
1490 2.5
1491 2.5
1492 2.5
1493 2.5
1494 2.5
1495 2.5
1496 2.5
1497 2.5
1498 2.5
1499 2.5
1500 2.5
1501 2.5
1502 2.5
1503 2.5
1504 2.5
1505 2.5
1506 2.5
1507 2.5
1508 2.5
1509 2.5
1510 2.5
1511 2.5
1512 2.5
1513 2.5
1514 2.5
1515 2.5
1516 2.5
1517 2.5
1518 2.5
1519 2.5
1520 2.5
1521 2.5
1522 2.5
1523 2.5
1524 2.5
1525 2.5
1526 2.5
1527 2.5
1528 2.5
1529 2.5
1530 2.5
1531 2.5
1532 2.5
1533 2.5
1534 2.5
1535 2.5
1536 2.5
1537 2.5
1538 2.5
1539 2.5
1540 2.5
1541 2.5
1542 2.5
1543 2.5
1544 2.5
1545 2.5
1546 2.5
1547 2.5
1548 2.5
1549 2.5
1550 2.5
1551 2.5
1552 2.5
1553 2.5
1554 2.5
1555 2.5
1556 2.5
1557 2.5
1558 2.5
1559 2.5
1560 2.5
1561 2.5
1562 2.5
1563 2.5
1564 2.5
1565 2.5
1566 2.5
1567 2.5
1568 2.5
1569 2.5
1570 2.5
1571 2.5
1572 2.5
1573 2.5
1574 2.5
1575 2.5
1576 2.5
1577 2.5
1578 2.5
1579 2.5
1580 2.5
1581 2.5
1582 2.5
1583 2.5
1584 2.5
1585 2.5
1586 2.5
1587 2.5
1588 2.5
1589 2.5
1590 2.5
1591 2.5
1592 2.5
1593 2.5
1594 2.5
1595 2.5
1596 2.5
1597 2.5
1598 2.5
1599 2.5
1600 2.5
1601 2.5
1602 2.5
1603 2.5
1604 2.5
1605 2.5
1606 2.5
1607 2.5
1608 2.5
1609 2.5
1610 2.5
1611 2.5
1612 2.5
1613 2.5
1614 2.5
1615 2.5
1616 2.5
1617 2.5
1618 2.5
1619 2.5
1620 2.5
1621 2.5
1622 2.5
1623 2.5
1624 2.5
1625 2.5
1626 2.5
1627 2.5
1628 2.5
1629 2.5
1630 2.5
1631 2.5
1632 2.5
1633 2.5
1634 2.5
1635 2.5
1636 2.5
1637 2.5
1638 2.5
1639 2.5
1640 2.5
1641 2.5
1642 2.5
1643 2.5
1644 2.5
1645 2.5
1646 2.5
1647 2.5
1648 2.5
1649 2.5
1650 2.5
1651 2.5
1652 2.5
1653 2.5
1654 2.5
1655 2.5
1656 2.5
1657 2.5
1658 2.5
1659 2.5
1660 2.5
1661 2.5
1662 2.5
1663 2.5
1664 2.5
1665 2.5
1666 2.5
1667 2.5
1668 2.5
1669 2.5
1670 2.5
1671 2.5
1672 2.5
1673 2.5
1674 2.5
1675 2.5
1676 2.5
1677 2.5
1678 2.5
1679 2.5
1680 2.5
1681 2.5
1682 2.5
1683 2.5
1684 2.5
1685 2.5
1686 2.5
1687 2.5
1688 2.5
1689 2.5
1690 2.5
1691 2.5
1692 2.5
1693 2.5
1694 2.5
1695 2.5
1696 2.5
1697 2.5
1698 2.5
1699 2.5
1700 2.5
1701 2.5
1702 2.5
1703 2.5
1704 2.5
1705 2.5
1706 2.5
1707 2.5
1708 2.5
1709 2.5
1710 2.5
1711 2.5
1712 2.5
1713 2.5
1714 2.5
1715 2.5
1716 2.5
1717 2.5
1718 2.5
1719 2.5
1720 2.5
1721 2.5
1722 2.5
1723 2.5
1724 2.5
1725 2.5
1726 2.5
1727 2.5
1728 2.5
1729 2.5
1730 2.5
1731 2.5
1732 2.5
1733 2.5
1734 2.5
1735 2.5
1736 2.5
1737 2.5
1738 2.5
1739 2.5
1740 2.5
1741 2.5
1742 2.5
1743 2.5
1744 2.5
1745 2.5
1746 2.5
1747 2.5
1748 2.5
1749 2.5
1750 2.5
1751 2.5
1752 2.5
1753 2.5
1754 2.5
1755 2.5
1756 2.5
1757 2.5
1758 2.5
1759 2.5
1760 2.5
1761 2.5
1762 2.5
1763 2.5
1764 2.5
1765 2.5
1766 2.5
1767 2.5
1768 2.5
1769 2.5
1770 2.5
1771 2.5
1772 2.5
1773 2.5
1774 2.5
1775 2.5
1776 2.5
1777 2.5
1778 2.5
1779 2.5
1780 2.5
1781 2.5
1782 2.5
1783 2.5
1784 2.5
1785 2.5
1786 2.5
1787 2.5
1788 2.5
1789 2.5
1790 2.5
1791 2.5
1792 2.5
1793 2.5
1794 2.5
1795 2.5
1796 2.5
1797 2.5
1798 2.5
1799 2.5
1800 2.5
1801 2.5
1802 2.5
1803 2.5
1804 2.5
1805 2.5
1806 2.5
1807 2.5
1808 2.5
1809 2.5
1810 2.5
1811 2.5
1812 2.5
1813 2.5
1814 2.5
1815 2.5
1816 2.5
1817 2.5
1818 2.5
1819 2.5
1820 2.5
1821 2.5
1822 2.5
1823 2.5
1824 2.5
1825 2.5
1826 2.5
1827 2.5
1828 2.5
1829 2.5
1830 2.5
1831 2.5
1832 2.5
1833 2.5
1834 2.5
1835 2.5
1836 2.5
1837 2.5
1838 2.5
1839 2.5
1840 2.5
1841 2.5
1842 2.5
1843 2.5
1844 2.5
1845 2.5
1846 2.5
1847 2.5
1848 2.5
1849 2.5
1850 2.5
1851 2.5
1852 2.5
1853 2.5
1854 2.5
1855 2.5
1856 2.5
1857 2.5
1858 2.5
1859 2.5
1860 2.5
1861 2.5
1862 2.5
1863 2.5
1864 2.5
1865 2.5
1866 2.5
1867 2.5
1868 2.5
1869 2.5
1870 2.5
1871 2.5
1872 2.5
1873 2.5
1874 2.5
1875 2.5
1876 2.5
1877 2.5
1878 2.5
1879 2.5
1880 2.5
1881 2.5
1882 2.5
1883 2.5
1884 2.5
1885 2.5
1886 2.5
1887 2.5
1888 2.5
1889 2.5
1890 2.5
1891 2.5
1892 2.5
1893 2.5
1894 2.5
1895 2.5
1896 2.5
1897 2.5
1898 2.5
1899 2.5
1900 2.5
1901 2.5
1902 2.5
1903 2.5
1904 2.5
1905 2.5
1906 2.5
1907 2.5
1908 2.5
1909 2.5
1910 2.5
1911 2.5
1912 2.5
1913 2.5
1914 2.5
1915 2.5
1916 2.5
1917 2.5
1918 2.5
1919 2.5
1920 2.5
1921 2.5
1922 2.5
1923 2.5
1924 2.5
1925 2.5
1926 2.5
1927 2.5
1928 2.5
1929 2.5
1930 2.5
1931 2.5
1932 2.5
1933 2.5
1934 2.5
1935 2.5
1936 2.5
1937 2.5
1938 2.5
1939 2.5
1940 2.5
1941 2.5
1942 2.5
1943 2.5
1944 2.5
1945 2.5
1946 2.5
1947 2.5
1948 2.5
1949 2.5
1950 2.5
1951 2.5
1952 2.5
1953 2.5
1954 2.5
1955 2.5
1956 2.5
1957 2.5
1958 2.5
1959 2.5
1960 2.5
1961 2.5
1962 2.5
1963 2.5
1964 2.5
1965 2.5
1966 2.5
1967 2.5
1968 2.5
1969 2.5
1970 2.5
1971 2.5
1972 2.5
1973 2.5
1974 2.5
1975 2.5
1976 2.5
1977 2.5
1978 2.5
1979 2.5
1980 2.5
1981 2.5
1982 2.5
1983 2.5
1984 2.5
1985 2.5
1986 2.5
1987 2.5
1988 2.5
1989 2.5
1990 2.5
1991 2.5
1992 2.5
1993 2.5
1994 2.5
1995 2.5
1996 2.5
1997 2.5
1998 2.5
1999 2.5
2000 2.5
2001 2.4
2002 2.4
2003 2.4
2004 2.4
2005 2.4
2006 2.4
2007 2.4
2008 2.4
2009 2.4
2010 2.4
2011 2.4
2012 2.4
2013 2.4
2014 2.4
2015 2.4
2016 2.4
2017 2.4
2018 2.4
2019 2.4
2020 2.4
2021 2.4
2022 2.4
2023 2.4
2024 2.4
2025 2.4
2026 2.4
2027 2.4
2028 2.4
2029 2.4
2030 2.4
2031 2.4
2032 2.4
2033 2.4
2034 2.4
2035 2.4
2036 2.4
2037 2.4
2038 2.4
2039 2.4
2040 2.4
2041 2.4
2042 2.4
2043 2.4
2044 2.4
2045 2.4
2046 2.4
2047 2.4
2048 2.4
2049 2.4
2050 2.4
2051 2.4
2052 2.4
2053 2.4
2054 2.4
2055 2.4
2056 2.4
2057 2.4
2058 2.4
2059 2.4
2060 2.4
2061 2.4
2062 2.4
2063 2.4
2064 2.4
2065 2.4
2066 2.4
2067 2.4
2068 2.4
2069 2.4
2070 2.4
2071 2.4
2072 2.4
2073 2.4
2074 2.4
2075 2.4
2076 2.4
2077 2.4
2078 2.4
2079 2.4
2080 2.4
2081 2.4
2082 2.4
2083 2.4
2084 2.4
2085 2.4
2086 2.4
2087 2.4
2088 2.4
2089 2.4
2090 2.4
2091 2.4
2092 2.4
2093 2.4
2094 2.4
2095 2.4
2096 2.4
2097 2.4
2098 2.4
2099 2.4
2100 2.4
2101 2.4
2102 2.4
2103 2.4
2104 2.4
2105 2.4
2106 2.4
2107 2.4
2108 2.4
2109 2.4
2110 2.4
2111 2.4
2112 2.4
2113 2.4
2114 2.4
2115 2.4
2116 2.4
2117 2.4
2118 2.4
2119 2.4
2120 2.4
2121 2.4
2122 2.4
2123 2.4
2124 2.4
2125 2.4
2126 2.4
2127 2.4
2128 2.4
2129 2.4
2130 2.4
2131 2.4
2132 2.4
2133 2.4
2134 2.4
2135 2.4
2136 2.4
2137 2.4
2138 2.4
2139 2.4
2140 2.4
2141 2.4
2142 2.4
2143 2.4
2144 2.4
2145 2.4
2146 2.4
2147 2.4
2148 2.4
2149 2.4
2150 2.4
2151 2.4
2152 2.4
2153 2.4
2154 2.4
2155 2.4
2156 2.4
2157 2.4
2158 2.4
2159 2.4
2160 2.4
2161 2.4
2162 2.4
2163 2.4
2164 2.4
2165 2.4
2166 2.4
2167 2.4
2168 2.4
2169 2.4
2170 2.4
2171 2.4
2172 2.4
2173 2.4
2174 2.4
2175 2.4
2176 2.4
2177 2.4
2178 2.4
2179 2.4
2180 2.4
2181 2.4
2182 2.4
2183 2.4
2184 2.4
2185 2.4
2186 2.4
2187 2.4
2188 2.4
2189 2.4
2190 2.4
2191 2.4
2192 2.4
2193 2.4
2194 2.4
2195 2.4
2196 2.4
2197 2.4
2198 2.4
2199 2.4
2200 2.4
2201 2.4
2202 2.4
2203 2.4
2204 2.4
2205 2.4
2206 2.4
2207 2.4
2208 2.4
2209 2.4
2210 2.4
2211 2.4
2212 2.4
2213 2.4
2214 2.4
2215 2.4
2216 2.4
2217 2.4
2218 2.4
2219 2.4
2220 2.4
2221 2.4
2222 2.4
2223 2.4
2224 2.4
2225 2.4
2226 2.4
2227 2.4
2228 2.4
2229 2.4
2230 2.4
2231 2.4
2232 2.4
2233 2.4
2234 2.4
2235 2.4
2236 2.4
2237 2.4
2238 2.4
2239 2.4
2240 2.4
2241 2.4
2242 2.4
2243 2.4
2244 2.4
2245 2.4
2246 2.4
2247 2.4
2248 2.4
2249 2.4
2250 2.4
2251 2.4
2252 2.4
2253 2.4
2254 2.4
2255 2.4
2256 2.4
2257 2.4
2258 2.4
2259 2.4
2260 2.4
2261 2.4
2262 2.4
2263 2.4
2264 2.4
2265 2.4
2266 2.4
2267 2.4
2268 2.4
2269 2.4
2270 2.4
2271 2.4
2272 2.4
2273 2.4
2274 2.4
2275 2.4
2276 2.4
2277 2.4
2278 2.4
2279 2.4
2280 2.4
2281 2.4
2282 2.4
2283 2.4
2284 2.4
2285 2.4
2286 2.4
2287 2.4
2288 2.4
2289 2.4
2290 2.4
2291 2.4
2292 2.4
2293 2.4
2294 2.4
2295 2.4
2296 2.4
2297 2.4
2298 2.4
2299 2.4
2300 2.4
2301 2.4
2302 2.4
2303 2.4
2304 2.4
2305 2.4
2306 2.4
2307 2.4
2308 2.4
2309 2.4
2310 2.4
2311 2.4
2312 2.4
2313 2.4
2314 2.4
2315 2.4
2316 2.4
2317 2.4
2318 2.4
2319 2.4
2320 2.4
2321 2.4
2322 2.4
2323 2.4
2324 2.4
2325 2.4
2326 2.4
2327 2.4
2328 2.4
2329 2.4
2330 2.4
2331 2.4
2332 2.4
2333 2.4
2334 2.4
2335 2.4
2336 2.4
2337 2.4
2338 2.4
2339 2.4
2340 2.4
2341 2.4
2342 2.4
2343 2.4
2344 2.4
2345 2.4
2346 2.4
2347 2.4
2348 2.4
2349 2.4
2350 2.4
2351 2.4
2352 2.4
2353 2.4
2354 2.4
2355 2.4
2356 2.4
2357 2.4
2358 2.4
2359 2.4
2360 2.4
2361 2.4
2362 2.4
2363 2.4
2364 2.4
2365 2.4
2366 2.4
2367 2.4
2368 2.4
2369 2.4
2370 2.4
2371 2.4
2372 2.4
2373 2.4
2374 2.4
2375 2.4
2376 2.4
2377 2.4
2378 2.4
2379 2.4
2380 2.4
2381 2.4
2382 2.4
2383 2.4
2384 2.4
2385 2.4
2386 2.4
2387 2.4
2388 2.4
2389 2.4
2390 2.4
2391 2.4
2392 2.4
2393 2.4
2394 2.4
2395 2.4
2396 2.4
2397 2.4
2398 2.4
2399 2.4
2400 2.4
2401 2.4
2402 2.4
2403 2.4
2404 2.4
2405 2.4
2406 2.4
2407 2.4
2408 2.4
2409 2.4
2410 2.4
2411 2.4
2412 2.4
2413 2.4
2414 2.4
2415 2.4
2416 2.4
2417 2.4
2418 2.4
2419 2.4
2420 2.4
2421 2.4
2422 2.4
2423 2.4
2424 2.4
2425 2.4
2426 2.4
2427 2.4
2428 2.4
2429 2.4
2430 2.4
2431 2.4
2432 2.4
2433 2.4
2434 2.4
2435 2.4
2436 2.4
2437 2.4
2438 2.4
2439 2.4
2440 2.4
2441 2.4
2442 2.4
2443 2.4
2444 2.4
2445 2.4
2446 2.4
2447 2.4
2448 2.4
2449 2.4
2450 2.4
2451 2.4
2452 2.4
2453 2.4
2454 2.4
2455 2.4
2456 2.4
2457 2.4
2458 2.4
2459 2.4
2460 2.4
2461 2.4
2462 2.4
2463 2.4
2464 2.4
2465 2.4
2466 2.4
2467 2.4
2468 2.4
2469 2.4
2470 2.4
2471 2.4
2472 2.4
2473 2.4
2474 2.4
2475 2.4
2476 2.4
2477 2.4
2478 2.4
2479 2.4
2480 2.4
2481 2.4
2482 2.4
2483 2.4
2484 2.4
2485 2.4
2486 2.4
2487 2.4
2488 2.4
2489 2.4
2490 2.4
2491 2.4
2492 2.4
2493 2.4
2494 2.4
2495 2.4
2496 2.4
2497 2.4
2498 2.4
2499 2.4
2500 2.4
2501 2.4
2502 2.4
2503 2.4
2504 2.4
2505 2.4
2506 2.4
2507 2.4
2508 2.4
2509 2.4
2510 2.4
2511 2.4
2512 2.4
2513 2.4
2514 2.4
2515 2.4
2516 2.4
2517 2.4
2518 2.4
2519 2.4
2520 2.4
2521 2.4
2522 2.4
2523 2.4
2524 2.4
2525 2.4
2526 2.4
2527 2.4
2528 2.4
2529 2.4
2530 2.4
2531 2.4
2532 2.4
2533 2.4
2534 2.4
2535 2.4
2536 2.4
2537 2.4
2538 2.4
2539 2.4
2540 2.4
2541 2.4
2542 2.4
2543 2.4
2544 2.4
2545 2.4
2546 2.4
2547 2.4
2548 2.4
2549 2.4
2550 2.4
2551 2.4
2552 2.4
2553 2.4
2554 2.4
2555 2.4
2556 2.4
2557 2.4
2558 2.4
2559 2.4
2560 2.4
2561 2.4
2562 2.4
2563 2.4
2564 2.4
2565 2.4
2566 2.4
2567 2.4
2568 2.4
2569 2.4
2570 2.4
2571 2.4
2572 2.4
2573 2.4
2574 2.4
2575 2.4
2576 2.4
2577 2.4
2578 2.4
2579 2.4
2580 2.4
2581 2.4
2582 2.4
2583 2.4
2584 2.4
2585 2.4
2586 2.4
2587 2.4
2588 2.4
2589 2.4
2590 2.4
2591 2.4
2592 2.4
2593 2.4
2594 2.4
2595 2.4
2596 2.4
2597 2.4
2598 2.4
2599 2.4
2600 2.4
2601 2.4
2602 2.4
2603 2.4
2604 2.4
2605 2.4
2606 2.4
2607 2.4
2608 2.4
2609 2.4
2610 2.4
2611 2.4
2612 2.4
2613 2.4
2614 2.4
2615 2.4
2616 2.4
2617 2.4
2618 2.4
2619 2.4
2620 2.4
2621 2.4
2622 2.4
2623 2.4
2624 2.4
2625 2.4
2626 2.4
2627 2.4
2628 2.4
2629 2.4
2630 2.4
2631 2.4
2632 2.4
2633 2.4
2634 2.4
2635 2.4
2636 2.4
2637 2.4
2638 2.4
2639 2.4
2640 2.4
2641 2.4
2642 2.4
2643 2.4
2644 2.4
2645 2.4
2646 2.4
2647 2.4
2648 2.4
2649 2.4
2650 2.4
2651 2.4
2652 2.4
2653 2.4
2654 2.4
2655 2.4
2656 2.4
2657 2.4
2658 2.4
2659 2.4
2660 2.4
2661 2.4
2662 2.4
2663 2.4
2664 2.4
2665 2.4
2666 2.4
2667 2.4
2668 2.4
2669 2.4
2670 2.4
2671 2.4
2672 2.4
2673 2.4
2674 2.4
2675 2.4
2676 2.4
2677 2.4
2678 2.4
2679 2.4
2680 2.4
2681 2.4
2682 2.4
2683 2.4
2684 2.4
2685 2.4
2686 2.4
2687 2.4
2688 2.4
2689 2.4
2690 2.4
2691 2.4
2692 2.4
2693 2.4
2694 2.4
2695 2.4
2696 2.4
2697 2.4
2698 2.4
2699 2.4
2700 2.4
2701 2.4
2702 2.4
2703 2.4
2704 2.4
2705 2.4
2706 2.4
2707 2.4
2708 2.4
2709 2.4
2710 2.4
2711 2.4
2712 2.4
2713 2.4
2714 2.4
2715 2.4
2716 2.4
2717 2.4
2718 2.4
2719 2.4
2720 2.4
2721 2.4
2722 2.4
2723 2.4
2724 2.4
2725 2.4
2726 2.4
2727 2.4
2728 2.4
2729 2.4
2730 2.4
2731 2.4
2732 2.4
2733 2.4
2734 2.4
2735 2.4
2736 2.4
2737 2.4
2738 2.4
2739 2.4
2740 2.4
2741 2.4
2742 2.4
2743 2.4
2744 2.4
2745 2.4
2746 2.4
2747 2.4
2748 2.4
2749 2.4
2750 2.4
2751 2.4
2752 2.4
2753 2.4
2754 2.4
2755 2.4
2756 2.4
2757 2.4
2758 2.4
2759 2.4
2760 2.4
2761 2.4
2762 2.4
2763 2.4
2764 2.4
2765 2.4
2766 2.4
2767 2.4
2768 2.4
2769 2.4
2770 2.4
2771 2.4
2772 2.4
2773 2.4
2774 2.4
2775 2.4
2776 2.4
2777 2.4
2778 2.4
2779 2.4
2780 2.4
2781 2.4
2782 2.4
2783 2.4
2784 2.4
2785 2.4
2786 2.4
2787 2.4
2788 2.4
2789 2.4
2790 2.4
2791 2.4
2792 2.4
2793 2.4
2794 2.4
2795 2.4
2796 2.4
2797 2.4
2798 2.4
2799 2.4
2800 2.4
2801 2.4
2802 2.4
2803 2.4
2804 2.4
2805 2.4
2806 2.4
2807 2.4
2808 2.4
2809 2.4
2810 2.4
2811 2.4
2812 2.4
2813 2.4
2814 2.4
2815 2.4
2816 2.4
2817 2.4
2818 2.4
2819 2.4
2820 2.4
2821 2.4
2822 2.4
2823 2.4
2824 2.4
2825 2.4
2826 2.4
2827 2.4
2828 2.4
2829 2.4
2830 2.4
2831 2.4
2832 2.4
2833 2.4
2834 2.4
2835 2.4
2836 2.4
2837 2.4
2838 2.4
2839 2.4
2840 2.4
2841 2.4
2842 2.4
2843 2.4
2844 2.4
2845 2.4
2846 2.4
2847 2.4
2848 2.4
2849 2.4
2850 2.4
2851 2.4
2852 2.4
2853 2.4
2854 2.4
2855 2.4
2856 2.4
2857 2.4
2858 2.4
2859 2.4
2860 2.4
2861 2.4
2862 2.4
2863 2.4
2864 2.4
2865 2.4
2866 2.4
2867 2.4
2868 2.4
2869 2.4
2870 2.4
2871 2.4
2872 2.4
2873 2.4
2874 2.4
2875 2.4
2876 2.4
2877 2.4
2878 2.4
2879 2.4
2880 2.4
2881 2.4
2882 2.4
2883 2.4
2884 2.4
2885 2.4
2886 2.4
2887 2.4
2888 2.4
2889 2.4
2890 2.4
2891 2.4
2892 2.4
2893 2.4
2894 2.4
2895 2.4
2896 2.4
2897 2.4
2898 2.4
2899 2.4
2900 2.4
2901 2.4
2902 2.4
2903 2.4
2904 2.4
2905 2.4
2906 2.4
2907 2.4
2908 2.4
2909 2.4
2910 2.4
2911 2.4
2912 2.4
2913 2.4
2914 2.4
2915 2.4
2916 2.4
2917 2.4
2918 2.4
2919 2.4
2920 2.4
2921 2.4
2922 2.4
2923 2.4
2924 2.4
2925 2.4
2926 2.4
2927 2.4
2928 2.4
2929 2.4
2930 2.4
2931 2.4
2932 2.4
2933 2.4
2934 2.4
2935 2.4
2936 2.4
2937 2.4
2938 2.4
2939 2.4
2940 2.4
2941 2.4
2942 2.4
2943 2.4
2944 2.4
2945 2.4
2946 2.4
2947 2.4
2948 2.4
2949 2.4
2950 2.4
2951 2.4
2952 2.4
2953 2.4
2954 2.4
2955 2.4
2956 2.4
2957 2.4
2958 2.4
2959 2.4
2960 2.4
2961 2.4
2962 2.4
2963 2.4
2964 2.4
2965 2.4
2966 2.4
2967 2.4
2968 2.4
2969 2.4
2970 2.4
2971 2.4
2972 2.4
2973 2.4
2974 2.4
2975 2.4
2976 2.4
2977 2.4
2978 2.4
2979 2.4
2980 2.4
2981 2.4
2982 2.4
2983 2.4
2984 2.4
2985 2.4
2986 2.4
2987 2.4
2988 2.4
2989 2.4
2990 2.4
2991 2.4
2992 2.4
2993 2.4
2994 2.4
2995 2.4
2996 2.4
2997 2.4
2998 2.4
2999 2.4
3000 2.4
3001 2.4
3002 2.4
3003 2.4
3004 2.4
3005 2.4
3006 2.4
3007 2.4
3008 2.4
3009 2.4
3010 2.4
3011 2.4
3012 2.4
3013 2.4
3014 2.4
3015 2.4
3016 2.4
3017 2.4
3018 2.4
3019 2.4
3020 2.4
3021 2.4
3022 2.4
3023 2.4
3024 2.4
3025 2.4
3026 2.4
3027 2.4
3028 2.4
3029 2.4
3030 2.4
3031 2.4
3032 2.4
3033 2.4
3034 2.4
3035 2.4
3036 2.4
3037 2.4
3038 2.4
3039 2.4
3040 2.4
3041 2.4
3042 2.4
3043 2.4
3044 2.4
3045 2.4
3046 2.4
3047 2.4
3048 2.4
3049 2.4
3050 2.4
3051 2.4
3052 2.4
3053 2.4
3054 2.4
3055 2.4
3056 2.4
3057 2.4
3058 2.4
3059 2.4
3060 2.4
3061 2.4
3062 2.4
3063 2.4
3064 2.4
3065 2.4
3066 2.4
3067 2.4
3068 2.4
3069 2.4
3070 2.4
3071 2.4
3072 2.4
3073 2.4
3074 2.4
3075 2.4
3076 2.4
3077 2.4
3078 2.4
3079 2.4
3080 2.4
3081 2.4
3082 2.4
3083 2.4
3084 2.4
3085 2.4
3086 2.4
3087 2.4
3088 2.4
3089 2.4
3090 2.4
3091 2.4
3092 2.4
3093 2.4
3094 2.4
3095 2.4
3096 2.4
3097 2.4
3098 2.4
3099 2.4
3100 2.4
3101 2.4
3102 2.4
3103 2.4
3104 2.4
3105 2.4
3106 2.4
3107 2.4
3108 2.4
3109 2.4
3110 2.4
3111 2.4
3112 2.4
3113 2.4
3114 2.4
3115 2.4
3116 2.4
3117 2.4
3118 2.4
3119 2.4
3120 2.4
3121 2.4
3122 2.4
3123 2.4
3124 2.4
3125 2.4
3126 2.4
3127 2.4
3128 2.4
3129 2.4
3130 2.4
3131 2.4
3132 2.4
3133 2.4
3134 2.4
3135 2.4
3136 2.4
3137 2.4
3138 2.4
3139 2.4
3140 2.4
3141 2.4
3142 2.4
3143 2.4
3144 2.4
3145 2.4
3146 2.4
3147 2.4
3148 2.4
3149 2.4
3150 2.4
3151 2.4
3152 2.4
3153 2.4
3154 2.4
3155 2.4
3156 2.4
3157 2.4
3158 2.4
3159 2.4
3160 2.4
3161 2.4
3162 2.4
3163 2.4
3164 2.4
3165 2.4
3166 2.4
3167 2.4
3168 2.4
3169 2.4
3170 2.4
3171 2.4
3172 2.4
3173 2.4
3174 2.4
3175 2.4
3176 2.4
3177 2.4
3178 2.4
3179 2.4
3180 2.4
3181 2.4
3182 2.4
3183 2.4
3184 2.4
3185 2.4
3186 2.4
3187 2.4
3188 2.4
3189 2.4
3190 2.4
3191 2.4
3192 2.4
3193 2.4
3194 2.4
3195 2.4
3196 2.4
3197 2.4
3198 2.4
3199 2.4
3200 2.4
3201 2.4
3202 2.4
3203 2.4
3204 2.4
3205 2.4
3206 2.4
3207 2.4
3208 2.4
3209 2.4
3210 2.4
3211 2.4
3212 2.4
3213 2.4
3214 2.4
3215 2.4
3216 2.4
3217 2.4
3218 2.4
3219 2.4
3220 2.4
3221 2.4
3222 2.4
3223 2.4
3224 2.4
3225 2.4
3226 2.4
3227 2.4
3228 2.4
3229 2.4
3230 2.4
3231 2.4
3232 2.4
3233 2.4
3234 2.4
3235 2.4
3236 2.4
3237 2.4
3238 2.4
3239 2.4
3240 2.4
3241 2.4
3242 2.4
3243 2.4
3244 2.4
3245 2.4
3246 2.4
3247 2.4
3248 2.4
3249 2.4
3250 2.4
3251 2.4
3252 2.4
3253 2.4
3254 2.4
3255 2.4
3256 2.4
3257 2.4
3258 2.4
3259 2.4
3260 2.4
3261 2.4
3262 2.4
3263 2.4
3264 2.4
3265 2.4
3266 2.4
3267 2.4
3268 2.4
3269 2.4
3270 2.4
3271 2.4
3272 2.4
3273 2.4
3274 2.4
3275 2.4
3276 2.4
3277 2.4
3278 2.4
3279 2.4
3280 2.4
3281 2.4
3282 2.4
3283 2.4
3284 2.4
3285 2.4
3286 2.4
3287 2.4
3288 2.4
3289 2.4
3290 2.4
3291 2.4
3292 2.4
3293 2.4
3294 2.4
3295 2.4
3296 2.4
3297 2.4
3298 2.4
3299 2.4
3300 2.4
3301 2.4
3302 2.4
3303 2.4
3304 2.4
3305 2.4
3306 2.4
3307 2.4
3308 2.4
3309 2.4
3310 2.4
3311 2.4
3312 2.4
3313 2.4
3314 2.4
3315 2.4
3316 2.4
3317 2.4
3318 2.4
3319 2.4
3320 2.4
3321 2.4
3322 2.4
3323 2.4
3324 2.4
3325 2.4
3326 2.4
3327 2.4
3328 2.4
3329 2.4
3330 2.4
3331 2.4
3332 2.4
3333 2.4
3334 2.4
3335 2.4
3336 2.4
3337 2.4
3338 2.4
3339 2.4
3340 2.4
3341 2.4
3342 2.4
3343 2.4
3344 2.4
3345 2.4
3346 2.4
3347 2.4
3348 2.4
3349 2.4
3350 2.4
3351 2.4
3352 2.4
3353 2.4
3354 2.4
3355 2.4
3356 2.4
3357 2.4
3358 2.4
3359 2.4
3360 2.4
3361 2.4
3362 2.4
3363 2.4
3364 2.4
3365 2.4
3366 2.4
3367 2.4
3368 2.4
3369 2.4
3370 2.4
3371 2.4
3372 2.4
3373 2.4
3374 2.4
3375 2.4
3376 2.4
3377 2.4
3378 2.4
3379 2.4
3380 2.4
3381 2.4
3382 2.4
3383 2.4
3384 2.4
3385 2.4
3386 2.4
3387 2.4
3388 2.4
3389 2.4
3390 2.4
3391 2.4
3392 2.4
3393 2.4
3394 2.4
3395 2.4
3396 2.4
3397 2.4
3398 2.4
3399 2.4
3400 2.4
3401 2.4
3402 2.4
3403 2.4
3404 2.4
3405 2.4
3406 2.4
3407 2.4
3408 2.4
3409 2.4
3410 2.4
3411 2.4
3412 2.4
3413 2.4
3414 2.4
3415 2.4
3416 2.4
3417 2.4
3418 2.4
3419 2.4
3420 2.4
3421 2.4
3422 2.4
3423 2.4
3424 2.4
3425 2.4
3426 2.4
3427 2.4
3428 2.4
3429 2.4
3430 2.4
3431 2.4
3432 2.4
3433 2.4
3434 2.4
3435 2.4
3436 2.4
3437 2.4
3438 2.4
3439 2.4
3440 2.4
3441 2.4
3442 2.4
3443 2.4
3444 2.4
3445 2.4
3446 2.4
3447 2.4
3448 2.4
3449 2.4
3450 2.4
3451 2.4
3452 2.4
3453 2.4
3454 2.4
3455 2.4
3456 2.4
3457 2.4
3458 2.4
3459 2.4
3460 2.4
3461 2.4
3462 2.4
3463 2.4
3464 2.4
3465 2.4
3466 2.4
3467 2.4
3468 2.4
3469 2.4
3470 2.4
3471 2.4
3472 2.4
3473 2.4
3474 2.4
3475 2.4
3476 2.4
3477 2.4
3478 2.4
3479 2.4
3480 2.4
3481 2.4
3482 2.4
3483 2.4
3484 2.4
3485 2.4
3486 2.4
3487 2.4
3488 2.4
3489 2.4
3490 2.4
3491 2.4
3492 2.4
3493 2.4
3494 2.4
3495 2.4
3496 2.4
3497 2.4
3498 2.4
3499 2.4
3500 2.4
3501 2.4
3502 2.4
3503 2.4
3504 2.4
3505 2.4
3506 2.4
3507 2.4
3508 2.4
3509 2.4
3510 2.4
3511 2.4
3512 2.4
3513 2.4
3514 2.4
3515 2.4
3516 2.4
3517 2.4
3518 2.4
3519 2.4
3520 2.4
3521 2.4
3522 2.4
3523 2.4
3524 2.4
3525 2.4
3526 2.4
3527 2.4
3528 2.4
3529 2.4
3530 2.4
3531 2.4
3532 2.4
3533 2.4
3534 2.4
3535 2.4
3536 2.4
3537 2.4
3538 2.4
3539 2.4
3540 2.4
3541 2.4
3542 2.4
3543 2.4
3544 2.4
3545 2.4
3546 2.4
3547 2.4
3548 2.4
3549 2.4
3550 2.4
3551 2.4
3552 2.4
3553 2.4
3554 2.4
3555 2.4
3556 2.4
3557 2.4
3558 2.4
3559 2.4
3560 2.4
3561 2.4
3562 2.4
3563 2.4
3564 2.4
3565 2.4
3566 2.4
3567 2.4
3568 2.4
3569 2.4
3570 2.4
3571 2.4
3572 2.4
3573 2.4
3574 2.4
3575 2.4
3576 2.4
3577 2.4
3578 2.4
3579 2.4
3580 2.4
3581 2.4
3582 2.4
3583 2.4
3584 2.4
3585 2.4
3586 2.4
3587 2.4
3588 2.4
3589 2.4
3590 2.4
3591 2.4
3592 2.4
3593 2.4
3594 2.4
3595 2.4
3596 2.4
3597 2.4
3598 2.4
3599 2.4
3600 2.4
3601 2.4
3602 2.4
3603 2.4
3604 2.4
3605 2.4
3606 2.4
3607 2.4
3608 2.4
3609 2.4
3610 2.4
3611 2.4
3612 2.4
3613 2.4
3614 2.4
3615 2.4
3616 2.4
3617 2.4
3618 2.4
3619 2.4
3620 2.4
3621 2.4
3622 2.4
3623 2.4
3624 2.4
3625 2.4
3626 2.4
3627 2.4
3628 2.4
3629 2.4
3630 2.4
3631 2.4
3632 2.4
3633 2.4
3634 2.4
3635 2.4
3636 2.4
3637 2.4
3638 2.4
3639 2.4
3640 2.4
3641 2.4
3642 2.4
3643 2.4
3644 2.4
3645 2.4
3646 2.4
3647 2.4
3648 2.4
3649 2.4
3650 2.4
3651 2.4
3652 2.4
3653 2.4
3654 2.4
3655 2.4
3656 2.4
3657 2.4
3658 2.4
3659 2.4
3660 2.4
3661 2.4
3662 2.4
3663 2.4
3664 2.4
3665 2.4
3666 2.4
3667 2.4
3668 2.4
3669 2.4
3670 2.4
3671 2.4
3672 2.4
3673 2.4
3674 2.4
3675 2.4
3676 2.4
3677 2.4
3678 2.4
3679 2.4
3680 2.4
3681 2.4
3682 2.4
3683 2.4
3684 2.4
3685 2.4
3686 2.4
3687 2.4
3688 2.4
3689 2.4
3690 2.4
3691 2.4
3692 2.4
3693 2.4
3694 2.4
3695 2.4
3696 2.4
3697 2.4
3698 2.4
3699 2.4
3700 2.4
3701 2.4
3702 2.4
3703 2.4
3704 2.4
3705 2.4
3706 2.4
3707 2.4
3708 2.4
3709 2.4
3710 2.4
3711 2.4
3712 2.4
3713 2.4
3714 2.4
3715 2.4
3716 2.4
3717 2.4
3718 2.4
3719 2.4
3720 2.4
3721 2.4
3722 2.4
3723 2.4
3724 2.4
3725 2.4
3726 2.4
3727 2.4
3728 2.4
3729 2.4
3730 2.4
3731 2.4
3732 2.4
3733 2.4
3734 2.4
3735 2.4
3736 2.4
3737 2.4
3738 2.4
3739 2.4
3740 2.4
3741 2.4
3742 2.4
3743 2.4
3744 2.4
3745 2.4
3746 2.4
3747 2.4
3748 2.4
3749 2.4
3750 2.4
3751 2.4
3752 2.4
3753 2.4
3754 2.4
3755 2.4
3756 2.4
3757 2.4
3758 2.4
3759 2.4
3760 2.4
3761 2.4
3762 2.4
3763 2.4
3764 2.4
3765 2.4
3766 2.4
3767 2.4
3768 2.4
3769 2.4
3770 2.4
3771 2.4
3772 2.4
3773 2.4
3774 2.4
3775 2.4
3776 2.4
3777 2.4
3778 2.4
3779 2.4
3780 2.4
3781 2.4
3782 2.4
3783 2.4
3784 2.4
3785 2.4
3786 2.4
3787 2.4
3788 2.4
3789 2.4
3790 2.4
3791 2.4
3792 2.4
3793 2.4
3794 2.4
3795 2.4
3796 2.4
3797 2.4
3798 2.4
3799 2.4
3800 2.4
3801 2.4
3802 2.4
3803 2.4
3804 2.4
3805 2.4
3806 2.4
3807 2.4
3808 2.4
3809 2.4
3810 2.4
3811 2.4
3812 2.4
3813 2.4
3814 2.4
3815 2.4
3816 2.4
3817 2.4
3818 2.4
3819 2.4
3820 2.4
3821 2.4
3822 2.4
3823 2.4
3824 2.4
3825 2.4
3826 2.4
3827 2.4
3828 2.4
3829 2.4
3830 2.4
3831 2.4
3832 2.4
3833 2.4
3834 2.4
3835 2.4
3836 2.4
3837 2.4
3838 2.4
3839 2.4
3840 2.4
3841 2.4
3842 2.4
3843 2.4
3844 2.4
3845 2.4
3846 2.4
3847 2.4
3848 2.4
3849 2.4
3850 2.4
3851 2.4
3852 2.4
3853 2.4
3854 2.4
3855 2.4
3856 2.4
3857 2.4
3858 2.4
3859 2.4
3860 2.4
3861 2.4
3862 2.4
3863 2.4
3864 2.4
3865 2.4
3866 2.4
3867 2.4
3868 2.4
3869 2.4
3870 2.4
3871 2.4
3872 2.4
3873 2.4
3874 2.4
3875 2.4
3876 2.4
3877 2.4
3878 2.4
3879 2.4
3880 2.4
3881 2.4
3882 2.4
3883 2.4
3884 2.4
3885 2.4
3886 2.4
3887 2.4
3888 2.4
3889 2.4
3890 2.4
3891 2.4
3892 2.4
3893 2.4
3894 2.4
3895 2.4
3896 2.4
3897 2.4
3898 2.4
3899 2.4
3900 2.4
3901 2.4
3902 2.4
3903 2.4
3904 2.4
3905 2.4
3906 2.4
3907 2.4
3908 2.4
3909 2.4
3910 2.4
3911 2.4
3912 2.4
3913 2.4
3914 2.4
3915 2.4
3916 2.4
3917 2.4
3918 2.4
3919 2.4
3920 2.4
3921 2.4
3922 2.4
3923 2.4
3924 2.4
3925 2.4
3926 2.4
3927 2.4
3928 2.4
3929 2.4
3930 2.4
3931 2.4
3932 2.4
3933 2.4
3934 2.4
3935 2.4
3936 2.4
3937 2.4
3938 2.4
3939 2.4
3940 2.4
3941 2.4
3942 2.4
3943 2.4
3944 2.4
3945 2.4
3946 2.4
3947 2.4
3948 2.4
3949 2.4
3950 2.4
3951 2.4
3952 2.4
3953 2.4
3954 2.4
3955 2.4
3956 2.4
3957 2.4
3958 2.4
3959 2.4
3960 2.4
3961 2.4
3962 2.4
3963 2.4
3964 2.4
3965 2.4
3966 2.4
3967 2.4
3968 2.4
3969 2.4
3970 2.4
3971 2.4
3972 2.4
3973 2.4
3974 2.4
3975 2.4
3976 2.4
3977 2.4
3978 2.4
3979 2.4
3980 2.4
3981 2.4
3982 2.4
3983 2.4
3984 2.4
3985 2.4
3986 2.4
3987 2.4
3988 2.4
3989 2.4
3990 2.4
3991 2.4
3992 2.4
3993 2.4
3994 2.4
3995 2.4
3996 2.4
3997 2.4
3998 2.4
3999 2.4
4000 2.4
4001 2.4
4002 2.4
4003 2.4
4004 2.4
4005 2.4
4006 2.4
4007 2.4
4008 2.4
4009 2.4
4010 2.4
4011 2.4
4012 2.4
4013 2.4
4014 2.4
4015 2.4
4016 2.4
4017 2.4
4018 2.4
4019 2.4
4020 2.4
4021 2.4
4022 2.4
4023 2.4
4024 2.4
4025 2.4
4026 2.4
4027 2.4
4028 2.4
4029 2.4
4030 2.4
4031 2.4
4032 2.4
4033 2.4
4034 2.4
4035 2.4
4036 2.4
4037 2.4
4038 2.4
4039 2.4
4040 2.4
4041 2.4
4042 2.4
4043 2.4
4044 2.4
4045 2.4
4046 2.4
4047 2.4
4048 2.4
4049 2.4
4050 2.4
4051 2.4
4052 2.4
4053 2.4
4054 2.4
4055 2.4
4056 2.4
4057 2.4
4058 2.4
4059 2.4
4060 2.4
4061 2.4
4062 2.4
4063 2.4
4064 2.4
4065 2.4
4066 2.4
4067 2.4
4068 2.4
4069 2.4
4070 2.4
4071 2.4
4072 2.4
4073 2.4
4074 2.4
4075 2.4
4076 2.4
4077 2.4
4078 2.4
4079 2.4
4080 2.4
4081 2.4
4082 2.4
4083 2.4
4084 2.4
4085 2.4
4086 2.4
4087 2.4
4088 2.4
4089 2.4
4090 2.4
4091 2.4
4092 2.4
4093 2.4
4094 2.4
4095 2.4
4096 2.4
4097 2.4
4098 2.4
4099 2.4
4100 2.4
4101 2.4
4102 2.4
4103 2.4
4104 2.4
4105 2.4
4106 2.4
4107 2.4
4108 2.4
4109 2.4
4110 2.4
4111 2.4
4112 2.4
4113 2.4
4114 2.4
4115 2.4
4116 2.4
4117 2.4
4118 2.4
4119 2.4
4120 2.4
4121 2.4
4122 2.4
4123 2.4
4124 2.4
4125 2.4
4126 2.4
4127 2.4
4128 2.4
4129 2.4
4130 2.4
4131 2.4
4132 2.4
4133 2.4
4134 2.4
4135 2.4
4136 2.4
4137 2.4
4138 2.4
4139 2.4
4140 2.4
4141 2.4
4142 2.4
4143 2.4
4144 2.4
4145 2.4
4146 2.4
4147 2.4
4148 2.4
4149 2.4
4150 2.4
4151 2.4
4152 2.4
4153 2.4
4154 2.4
4155 2.4
4156 2.4
4157 2.4
4158 2.4
4159 2.4
4160 2.4
4161 2.4
4162 2.4
4163 2.4
4164 2.4
4165 2.4
4166 2.4
4167 2.4
4168 2.4
4169 2.4
4170 2.4
4171 2.4
4172 2.4
4173 2.4
4174 2.4
4175 2.4
4176 2.4
4177 2.4
4178 2.4
4179 2.4
4180 2.4
4181 2.4
4182 2.4
4183 2.4
4184 2.4
4185 2.4
4186 2.4
4187 2.4
4188 2.4
4189 2.4
4190 2.4
4191 2.4
4192 2.4
4193 2.4
4194 2.4
4195 2.4
4196 2.4
4197 2.4
4198 2.4
4199 2.4
4200 2.4
4201 2.4
4202 2.4
4203 2.4
4204 2.4
4205 2.4
4206 2.4
4207 2.4
4208 2.4
4209 2.4
4210 2.4
4211 2.4
4212 2.4
4213 2.4
4214 2.4
4215 2.4
4216 2.4
4217 2.4
4218 2.4
4219 2.4
4220 2.4
4221 2.4
4222 2.4
4223 2.4
4224 2.4
4225 2.4
4226 2.4
4227 2.4
4228 2.4
4229 2.4
4230 2.4
4231 2.4
4232 2.4
4233 2.4
4234 2.4
4235 2.4
4236 2.4
4237 2.4
4238 2.4
4239 2.4
4240 2.4
4241 2.4
4242 2.4
4243 2.4
4244 2.4
4245 2.4
4246 2.4
4247 2.4
4248 2.4
4249 2.4
4250 2.4
4251 2.4
4252 2.4
4253 2.4
4254 2.4
4255 2.4
4256 2.4
4257 2.4
4258 2.4
4259 2.4
4260 2.4
4261 2.4
4262 2.4
4263 2.4
4264 2.4
4265 2.4
4266 2.4
4267 2.4
4268 2.4
4269 2.4
4270 2.4
4271 2.4
4272 2.4
4273 2.4
4274 2.4
4275 2.4
4276 2.4
4277 2.4
4278 2.4
4279 2.4
4280 2.4
4281 2.4
4282 2.4
4283 2.4
4284 2.4
4285 2.4
4286 2.4
4287 2.4
4288 2.4
4289 2.4
4290 2.4
4291 2.4
4292 2.4
4293 2.4
4294 2.4
4295 2.4
4296 2.4
4297 2.4
4298 2.4
4299 2.4
4300 2.4
4301 2.4
4302 2.4
4303 2.4
4304 2.4
4305 2.4
4306 2.4
4307 2.4
4308 2.4
4309 2.4
4310 2.4
4311 2.4
4312 2.4
4313 2.4
4314 2.4
4315 2.4
4316 2.4
4317 2.4
4318 2.4
4319 2.4
4320 2.4
4321 2.4
4322 2.4
4323 2.4
4324 2.4
4325 2.4
4326 2.4
4327 2.4
4328 2.4
4329 2.4
4330 2.4
4331 2.4
4332 2.4
4333 2.4
4334 2.4
4335 2.4
4336 2.4
4337 2.4
4338 2.4
4339 2.4
4340 2.4
4341 2.4
4342 2.4
4343 2.4
4344 2.4
4345 2.4
4346 2.4
4347 2.4
4348 2.4
4349 2.4
4350 2.4
4351 2.4
4352 2.4
4353 2.4
4354 2.4
4355 2.4
4356 2.4
4357 2.4
4358 2.4
4359 2.4
4360 2.4
4361 2.4
4362 2.4
4363 2.4
4364 2.4
4365 2.4
4366 2.4
4367 2.4
4368 2.4
4369 2.4
4370 2.4
4371 2.4
4372 2.4
4373 2.4
4374 2.4
4375 2.4
4376 2.4
4377 2.4
4378 2.4
4379 2.4
4380 2.4
4381 2.4
4382 2.4
4383 2.4
4384 2.4
4385 2.4
4386 2.4
4387 2.4
4388 2.4
4389 2.4
4390 2.4
4391 2.4
4392 2.4
4393 2.4
4394 2.4
4395 2.4
4396 2.4
4397 2.4
4398 2.4
4399 2.4
4400 2.4
4401 2.4
4402 2.4
4403 2.4
4404 2.4
4405 2.4
4406 2.4
4407 2.4
4408 2.4
4409 2.4
4410 2.4
4411 2.4
4412 2.4
4413 2.4
4414 2.4
4415 2.4
4416 2.4
4417 2.4
4418 2.4
4419 2.4
4420 2.4
4421 2.4
4422 2.4
4423 2.4
4424 2.4
4425 2.4
4426 2.4
4427 2.4
4428 2.4
4429 2.4
4430 2.4
4431 2.4
4432 2.4
4433 2.4
4434 2.4
4435 2.4
4436 2.4
4437 2.4
4438 2.4
4439 2.4
4440 2.4
4441 2.4
4442 2.4
4443 2.4
4444 2.4
4445 2.4
4446 2.4
4447 2.4
4448 2.4
4449 2.4
4450 2.4
4451 2.4
4452 2.4
4453 2.4
4454 2.4
4455 2.4
4456 2.4
4457 2.4
4458 2.4
4459 2.4
4460 2.4
4461 2.4
4462 2.4
4463 2.4
4464 2.4
4465 2.4
4466 2.4
4467 2.4
4468 2.4
4469 2.4
4470 2.4
4471 2.4
4472 2.4
4473 2.4
4474 2.4
4475 2.4
4476 2.4
4477 2.4
4478 2.4
4479 2.4
4480 2.4
4481 2.4
4482 2.4
4483 2.4
4484 2.4
4485 2.4
4486 2.4
4487 2.4
4488 2.4
4489 2.4
4490 2.4
4491 2.4
4492 2.4
4493 2.4
4494 2.4
4495 2.4
4496 2.4
4497 2.4
4498 2.4
4499 2.4
4500 2.4
4501 1.85
4502 1.85
4503 1.85
4504 1.85
4505 1.85
4506 1.85
4507 1.85
4508 1.85
4509 1.85
4510 1.85
4511 1.85
4512 1.85
4513 1.85
4514 1.85
4515 1.85
4516 1.85
4517 1.85
4518 1.85
4519 1.85
4520 1.85
4521 1.85
4522 1.85
4523 1.85
4524 1.85
4525 1.85
4526 1.85
4527 1.85
4528 1.85
4529 1.85
4530 1.85
4531 1.85
4532 1.85
4533 1.85
4534 1.85
4535 1.85
4536 1.85
4537 1.85
4538 1.85
4539 1.85
4540 1.85
4541 1.85
4542 1.85
4543 1.85
4544 1.85
4545 1.85
4546 1.85
4547 1.85
4548 1.85
4549 1.85
4550 1.85
4551 1.85
4552 1.85
4553 1.85
4554 1.85
4555 1.85
4556 1.85
4557 1.85
4558 1.85
4559 1.85
4560 1.85
4561 1.85
4562 1.85
4563 1.85
4564 1.85
4565 1.85
4566 1.85
4567 1.85
4568 1.85
4569 1.85
4570 1.85
4571 1.85
4572 1.85
4573 1.85
4574 1.85
4575 1.85
4576 1.85
4577 1.85
4578 1.85
4579 1.85
4580 1.85
4581 1.85
4582 1.85
4583 1.85
4584 1.85
4585 1.85
4586 1.85
4587 1.85
4588 1.85
4589 1.85
4590 1.85
4591 1.85
4592 1.85
4593 1.85
4594 1.85
4595 1.85
4596 1.85
4597 1.85
4598 1.85
4599 1.85
4600 1.85
4601 1.85
4602 1.85
4603 1.85
4604 1.85
4605 1.85
4606 1.85
4607 1.85
4608 1.85
4609 1.85
4610 1.85
4611 1.85
4612 1.85
4613 1.85
4614 1.85
4615 1.85
4616 1.85
4617 1.85
4618 1.85
4619 1.85
4620 1.85
4621 1.85
4622 1.85
4623 1.85
4624 1.85
4625 1.85
4626 1.85
4627 1.85
4628 1.85
4629 1.85
4630 1.85
4631 1.85
4632 1.85
4633 1.85
4634 1.85
4635 1.85
4636 1.85
4637 1.85
4638 1.85
4639 1.85
4640 1.85
4641 1.85
4642 1.85
4643 1.85
4644 1.85
4645 1.85
4646 1.85
4647 1.85
4648 1.85
4649 1.85
4650 1.85
4651 1.85
4652 1.85
4653 1.85
4654 1.85
4655 1.85
4656 1.85
4657 1.85
4658 1.85
4659 1.85
4660 1.85
4661 1.85
4662 1.85
4663 1.85
4664 1.85
4665 1.85
4666 1.85
4667 1.85
4668 1.85
4669 1.85
4670 1.85
4671 1.85
4672 1.85
4673 1.85
4674 1.85
4675 1.85
4676 1.85
4677 1.85
4678 1.85
4679 1.85
4680 1.85
4681 1.85
4682 1.85
4683 1.85
4684 1.85
4685 1.85
4686 1.85
4687 1.85
4688 1.85
4689 1.85
4690 1.85
4691 1.85
4692 1.85
4693 1.85
4694 1.85
4695 1.85
4696 1.85
4697 1.85
4698 1.85
4699 1.85
4700 1.85
4701 1.85
4702 1.85
4703 1.85
4704 1.85
4705 1.85
4706 1.85
4707 1.85
4708 1.85
4709 1.85
4710 1.85
4711 1.85
4712 1.85
4713 1.85
4714 1.85
4715 1.85
4716 1.85
4717 1.85
4718 1.85
4719 1.85
4720 1.85
4721 1.85
4722 1.85
4723 1.85
4724 1.85
4725 1.85
4726 1.85
4727 1.85
4728 1.85
4729 1.85
4730 1.85
4731 1.85
4732 1.85
4733 1.85
4734 1.85
4735 1.85
4736 1.85
4737 1.85
4738 1.85
4739 1.85
4740 1.85
4741 1.85
4742 1.85
4743 1.85
4744 1.85
4745 1.85
4746 1.85
4747 1.85
4748 1.85
4749 1.85
4750 1.85
4751 1.85
4752 1.85
4753 1.85
4754 1.85
4755 1.85
4756 1.85
4757 1.85
4758 1.85
4759 1.85
4760 1.85
4761 1.85
4762 1.85
4763 1.85
4764 1.85
4765 1.85
4766 1.85
4767 1.85
4768 1.85
4769 1.85
4770 1.85
4771 1.85
4772 1.85
4773 1.85
4774 1.85
4775 1.85
4776 1.85
4777 1.85
4778 1.85
4779 1.85
4780 1.85
4781 1.85
4782 1.85
4783 1.85
4784 1.85
4785 1.85
4786 1.85
4787 1.85
4788 1.85
4789 1.85
4790 1.85
4791 1.85
4792 1.85
4793 1.85
4794 1.85
4795 1.85
4796 1.85
4797 1.85
4798 1.85
4799 1.85
4800 1.85
4801 1.85
4802 1.85
4803 1.85
4804 1.85
4805 1.85
4806 1.85
4807 1.85
4808 1.85
4809 1.85
4810 1.85
4811 1.85
4812 1.85
4813 1.85
4814 1.85
4815 1.85
4816 1.85
4817 1.85
4818 1.85
4819 1.85
4820 1.85
4821 1.85
4822 1.85
4823 1.85
4824 1.85
4825 1.85
4826 1.85
4827 1.85
4828 1.85
4829 1.85
4830 1.85
4831 1.85
4832 1.85
4833 1.85
4834 1.85
4835 1.85
4836 1.85
4837 1.85
4838 1.85
4839 1.85
4840 1.85
4841 1.85
4842 1.85
4843 1.85
4844 1.85
4845 1.85
4846 1.85
4847 1.85
4848 1.85
4849 1.85
4850 1.85
4851 1.85
4852 1.85
4853 1.85
4854 1.85
4855 1.85
4856 1.85
4857 1.85
4858 1.85
4859 1.85
4860 1.85
4861 1.85
4862 1.85
4863 1.85
4864 1.85
4865 1.85
4866 1.85
4867 1.85
4868 1.85
4869 1.85
4870 1.85
4871 1.85
4872 1.85
4873 1.85
4874 1.85
4875 1.85
4876 1.85
4877 1.85
4878 1.85
4879 1.85
4880 1.85
4881 1.85
4882 1.85
4883 1.85
4884 1.85
4885 1.85
4886 1.85
4887 1.85
4888 1.85
4889 1.85
4890 1.85
4891 1.85
4892 1.85
4893 1.85
4894 1.85
4895 1.85
4896 1.85
4897 1.85
4898 1.85
4899 1.85
4900 1.85
4901 1.85
4902 1.85
4903 1.85
4904 1.85
4905 1.85
4906 1.85
4907 1.85
4908 1.85
4909 1.85
4910 1.85
4911 1.85
4912 1.85
4913 1.85
4914 1.85
4915 1.85
4916 1.85
4917 1.85
4918 1.85
4919 1.85
4920 1.85
4921 1.85
4922 1.85
4923 1.85
4924 1.85
4925 1.85
4926 1.85
4927 1.85
4928 1.85
4929 1.85
4930 1.85
4931 1.85
4932 1.85
4933 1.85
4934 1.85
4935 1.85
4936 1.85
4937 1.85
4938 1.85
4939 1.85
4940 1.85
4941 1.85
4942 1.85
4943 1.85
4944 1.85
4945 1.85
4946 1.85
4947 1.85
4948 1.85
4949 1.85
4950 1.85
4951 1.85
4952 1.85
4953 1.85
4954 1.85
4955 1.85
4956 1.85
4957 1.85
4958 1.85
4959 1.85
4960 1.85
4961 1.85
4962 1.85
4963 1.85
4964 1.85
4965 1.85
4966 1.85
4967 1.85
4968 1.85
4969 1.85
4970 1.85
4971 1.85
4972 1.85
4973 1.85
4974 1.85
4975 1.85
4976 1.85
4977 1.85
4978 1.85
4979 1.85
4980 1.85
4981 1.85
4982 1.85
4983 1.85
4984 1.85
4985 1.85
4986 1.85
4987 1.85
4988 1.85
4989 1.85
4990 1.85
4991 1.85
4992 1.85
4993 1.85
4994 1.85
4995 1.85
4996 1.85
4997 1.85
4998 1.85
4999 1.85
5000 1.85
5001 1.85
5002 1.85
5003 1.85
5004 1.85
5005 1.85
5006 1.85
5007 1.85
5008 1.85
5009 1.85
5010 1.85
5011 1.85
5012 1.85
5013 1.85
5014 1.85
5015 1.85
5016 1.85
5017 1.85
5018 1.85
5019 1.85
5020 1.85
5021 1.85
5022 1.85
5023 1.85
5024 1.85
5025 1.85
5026 1.85
5027 1.85
5028 1.85
5029 1.85
5030 1.85
5031 1.85
5032 1.85
5033 1.85
5034 1.85
5035 1.85
5036 1.85
5037 1.85
5038 1.85
5039 1.85
5040 1.85
5041 1.85
5042 1.85
5043 1.85
5044 1.85
5045 1.85
5046 1.85
5047 1.85
5048 1.85
5049 1.85
5050 1.85
5051 1.85
5052 1.85
5053 1.85
5054 1.85
5055 1.85
5056 1.85
5057 1.85
5058 1.85
5059 1.85
5060 1.85
5061 1.85
5062 1.85
5063 1.85
5064 1.85
5065 1.85
5066 1.85
5067 1.85
5068 1.85
5069 1.85
5070 1.85
5071 1.85
5072 1.85
5073 1.85
5074 1.85
5075 1.85
5076 1.85
5077 1.85
5078 1.85
5079 1.85
5080 1.85
5081 1.85
5082 1.85
5083 1.85
5084 1.85
5085 1.85
5086 1.85
5087 1.85
5088 1.85
5089 1.85
5090 1.85
5091 1.85
5092 1.85
5093 1.85
5094 1.85
5095 1.85
5096 1.85
5097 1.85
5098 1.85
5099 1.85
5100 1.85
5101 1.85
5102 1.85
5103 1.85
5104 1.85
5105 1.85
5106 1.85
5107 1.85
5108 1.85
5109 1.85
5110 1.85
5111 1.85
5112 1.85
5113 1.85
5114 1.85
5115 1.85
5116 1.85
5117 1.85
5118 1.85
5119 1.85
5120 1.85
5121 1.85
5122 1.85
5123 1.85
5124 1.85
5125 1.85
5126 1.85
5127 1.85
5128 1.85
5129 1.85
5130 1.85
5131 1.85
5132 1.85
5133 1.85
5134 1.85
5135 1.85
5136 1.85
5137 1.85
5138 1.85
5139 1.85
5140 1.85
5141 1.85
5142 1.85
5143 1.85
5144 1.85
5145 1.85
5146 1.85
5147 1.85
5148 1.85
5149 1.85
5150 1.85
5151 1.85
5152 1.85
5153 1.85
5154 1.85
5155 1.85
5156 1.85
5157 1.85
5158 1.85
5159 1.85
5160 1.85
5161 1.85
5162 1.85
5163 1.85
5164 1.85
5165 1.85
5166 1.85
5167 1.85
5168 1.85
5169 1.85
5170 1.85
5171 1.85
5172 1.85
5173 1.85
5174 1.85
5175 1.85
5176 1.85
5177 1.85
5178 1.85
5179 1.85
5180 1.85
5181 1.85
5182 1.85
5183 1.85
5184 1.85
5185 1.85
5186 1.85
5187 1.85
5188 1.85
5189 1.85
5190 1.85
5191 1.85
5192 1.85
5193 1.85
5194 1.85
5195 1.85
5196 1.85
5197 1.85
5198 1.85
5199 1.85
5200 1.85
5201 1.85
5202 1.85
5203 1.85
5204 1.85
5205 1.85
5206 1.85
5207 1.85
5208 1.85
5209 1.85
5210 1.85
5211 1.85
5212 1.85
5213 1.85
5214 1.85
5215 1.85
5216 1.85
5217 1.85
5218 1.85
5219 1.85
5220 1.85
5221 1.85
5222 1.85
5223 1.85
5224 1.85
5225 1.85
5226 1.85
5227 1.85
5228 1.85
5229 1.85
5230 1.85
5231 1.85
5232 1.85
5233 1.85
5234 1.85
5235 1.85
5236 1.85
5237 1.85
5238 1.85
5239 1.85
5240 1.85
5241 1.85
5242 1.85
5243 1.85
5244 1.85
5245 1.85
5246 1.85
5247 1.85
5248 1.85
5249 1.85
5250 1.85
5251 1.85
5252 1.85
5253 1.85
5254 1.85
5255 1.85
5256 1.85
5257 1.85
5258 1.85
5259 1.85
5260 1.85
5261 1.85
5262 1.85
5263 1.85
5264 1.85
5265 1.85
5266 1.85
5267 1.85
5268 1.85
5269 1.85
5270 1.85
5271 1.85
5272 1.85
5273 1.85
5274 1.85
5275 1.85
5276 1.85
5277 1.85
5278 1.85
5279 1.85
5280 1.85
5281 1.85
5282 1.85
5283 1.85
5284 1.85
5285 1.85
5286 1.85
5287 1.85
5288 1.85
5289 1.85
5290 1.85
5291 1.85
5292 1.85
5293 1.85
5294 1.85
5295 1.85
5296 1.85
5297 1.85
5298 1.85
5299 1.85
5300 1.85
5301 1.85
5302 1.85
5303 1.85
5304 1.85
5305 1.85
5306 1.85
5307 1.85
5308 1.85
5309 1.85
5310 1.85
5311 1.85
5312 1.85
5313 1.85
5314 1.85
5315 1.85
5316 1.85
5317 1.85
5318 1.85
5319 1.85
5320 1.85
5321 1.85
5322 1.85
5323 1.85
5324 1.85
5325 1.85
5326 1.85
5327 1.85
5328 1.85
5329 1.85
5330 1.85
5331 1.85
5332 1.85
5333 1.85
5334 1.85
5335 1.85
5336 1.85
5337 1.85
5338 1.85
5339 1.85
5340 1.85
5341 1.85
5342 1.85
5343 1.85
5344 1.85
5345 1.85
5346 1.85
5347 1.85
5348 1.85
5349 1.85
5350 1.85
5351 1.85
5352 1.85
5353 1.85
5354 1.85
5355 1.85
5356 1.85
5357 1.85
5358 1.85
5359 1.85
5360 1.85
5361 1.85
5362 1.85
5363 1.85
5364 1.85
5365 1.85
5366 1.85
5367 1.85
5368 1.85
5369 1.85
5370 1.85
5371 1.85
5372 1.85
5373 1.85
5374 1.85
5375 1.85
5376 1.85
5377 1.85
5378 1.85
5379 1.85
5380 1.85
5381 1.85
5382 1.85
5383 1.85
5384 1.85
5385 1.85
5386 1.85
5387 1.85
5388 1.85
5389 1.85
5390 1.85
5391 1.85
5392 1.85
5393 1.85
5394 1.85
5395 1.85
5396 1.85
5397 1.85
5398 1.85
5399 1.85
5400 1.85
5401 1.85
5402 1.85
5403 1.85
5404 1.85
5405 1.85
5406 1.85
5407 1.85
5408 1.85
5409 1.85
5410 1.85
5411 1.85
5412 1.85
5413 1.85
5414 1.85
5415 1.85
5416 1.85
5417 1.85
5418 1.85
5419 1.85
5420 1.85
5421 1.85
5422 1.85
5423 1.85
5424 1.85
5425 1.85
5426 1.85
5427 1.85
5428 1.85
5429 1.85
5430 1.85
5431 1.85
5432 1.85
5433 1.85
5434 1.85
5435 1.85
5436 1.85
5437 1.85
5438 1.85
5439 1.85
5440 1.85
5441 1.85
5442 1.85
5443 1.85
5444 1.85
5445 1.85
5446 1.85
5447 1.85
5448 1.85
5449 1.85
5450 1.85
5451 1.85
5452 1.85
5453 1.85
5454 1.85
5455 1.85
5456 1.85
5457 1.85
5458 1.85
5459 1.85
5460 1.85
5461 1.85
5462 1.85
5463 1.85
5464 1.85
5465 1.85
5466 1.85
5467 1.85
5468 1.85
5469 1.85
5470 1.85
5471 1.85
5472 1.85
5473 1.85
5474 1.85
5475 1.85
5476 1.85
5477 1.85
5478 1.85
5479 1.85
5480 1.85
5481 1.85
5482 1.85
5483 1.85
5484 1.85
5485 1.85
5486 1.85
5487 1.85
5488 1.85
5489 1.85
5490 1.85
5491 1.85
5492 1.85
5493 1.85
5494 1.85
5495 1.85
5496 1.85
5497 1.85
5498 1.85
5499 1.85
5500 1.85
5501 1.85
5502 1.85
5503 1.85
5504 1.85
5505 1.85
5506 1.85
5507 1.85
5508 1.85
5509 1.85
5510 1.85
5511 1.85
5512 1.85
5513 1.85
5514 1.85
5515 1.85
5516 1.85
5517 1.85
5518 1.85
5519 1.85
5520 1.85
5521 1.85
5522 1.85
5523 1.85
5524 1.85
5525 1.85
5526 1.85
5527 1.85
5528 1.85
5529 1.85
5530 1.85
5531 1.85
5532 1.85
5533 1.85
5534 1.85
5535 1.85
5536 1.85
5537 1.85
5538 1.85
5539 1.85
5540 1.85
5541 1.85
5542 1.85
5543 1.85
5544 1.85
5545 1.85
5546 1.85
5547 1.85
5548 1.85
5549 1.85
5550 1.85
5551 1.85
5552 1.85
5553 1.85
5554 1.85
5555 1.85
5556 1.85
5557 1.85
5558 1.85
5559 1.85
5560 1.85
5561 1.85
5562 1.85
5563 1.85
5564 1.85
5565 1.85
5566 1.85
5567 1.85
5568 1.85
5569 1.85
5570 1.85
5571 1.85
5572 1.85
5573 1.85
5574 1.85
5575 1.85
5576 1.85
5577 1.85
5578 1.85
5579 1.85
5580 1.85
5581 1.85
5582 1.85
5583 1.85
5584 1.85
5585 1.85
5586 1.85
5587 1.85
5588 1.85
5589 1.85
5590 1.85
5591 1.85
5592 1.85
5593 1.85
5594 1.85
5595 1.85
5596 1.85
5597 1.85
5598 1.85
5599 1.85
5600 1.85
5601 1.85
5602 1.85
5603 1.85
5604 1.85
5605 1.85
5606 1.85
5607 1.85
5608 1.85
5609 1.85
5610 1.85
5611 1.85
5612 1.85
5613 1.85
5614 1.85
5615 1.85
5616 1.85
5617 1.85
5618 1.85
5619 1.85
5620 1.85
5621 1.85
5622 1.85
5623 1.85
5624 1.85
5625 1.85
5626 1.85
5627 1.85
5628 1.85
5629 1.85
5630 1.85
5631 1.85
5632 1.85
5633 1.85
5634 1.85
5635 1.85
5636 1.85
5637 1.85
5638 1.85
5639 1.85
5640 1.85
5641 1.85
5642 1.85
5643 1.85
5644 1.85
5645 1.85
5646 1.85
5647 1.85
5648 1.85
5649 1.85
5650 1.85
5651 1.85
5652 1.85
5653 1.85
5654 1.85
5655 1.85
5656 1.85
5657 1.85
5658 1.85
5659 1.85
5660 1.85
5661 1.85
5662 1.85
5663 1.85
5664 1.85
5665 1.85
5666 1.85
5667 1.85
5668 1.85
5669 1.85
5670 1.85
5671 1.85
5672 1.85
5673 1.85
5674 1.85
5675 1.85
5676 1.85
5677 1.85
5678 1.85
5679 1.85
5680 1.85
5681 1.85
5682 1.85
5683 1.85
5684 1.85
5685 1.85
5686 1.85
5687 1.85
5688 1.85
5689 1.85
5690 1.85
5691 1.85
5692 1.85
5693 1.85
5694 1.85
5695 1.85
5696 1.85
5697 1.85
5698 1.85
5699 1.85
5700 1.85
5701 1.85
5702 1.85
5703 1.85
5704 1.85
5705 1.85
5706 1.85
5707 1.85
5708 1.85
5709 1.85
5710 1.85
5711 1.85
5712 1.85
5713 1.85
5714 1.85
5715 1.85
5716 1.85
5717 1.85
5718 1.85
5719 1.85
5720 1.85
5721 1.85
5722 1.85
5723 1.85
5724 1.85
5725 1.85
5726 1.85
5727 1.85
5728 1.85
5729 1.85
5730 1.85
5731 1.85
5732 1.85
5733 1.85
5734 1.85
5735 1.85
5736 1.85
5737 1.85
5738 1.85
5739 1.85
5740 1.85
5741 1.85
5742 1.85
5743 1.85
5744 1.85
5745 1.85
5746 1.85
5747 1.85
5748 1.85
5749 1.85
5750 1.85
5751 1.85
5752 1.85
5753 1.85
5754 1.85
5755 1.85
5756 1.85
5757 1.85
5758 1.85
5759 1.85
5760 1.85
5761 1.85
5762 1.85
5763 1.85
5764 1.85
5765 1.85
5766 1.85
5767 1.85
5768 1.85
5769 1.85
5770 1.85
5771 1.85
5772 1.85
5773 1.85
5774 1.85
5775 1.85
5776 1.85
5777 1.85
5778 1.85
5779 1.85
5780 1.85
5781 1.85
5782 1.85
5783 1.85
5784 1.85
5785 1.85
5786 1.85
5787 1.85
5788 1.85
5789 1.85
5790 1.85
5791 1.85
5792 1.85
5793 1.85
5794 1.85
5795 1.85
5796 1.85
5797 1.85
5798 1.85
5799 1.85
5800 1.85
5801 1.85
5802 1.85
5803 1.85
5804 1.85
5805 1.85
5806 1.85
5807 1.85
5808 1.85
5809 1.85
5810 1.85
5811 1.85
5812 1.85
5813 1.85
5814 1.85
5815 1.85
5816 1.85
5817 1.85
5818 1.85
5819 1.85
5820 1.85
5821 1.85
5822 1.85
5823 1.85
5824 1.85
5825 1.85
5826 1.85
5827 1.85
5828 1.85
5829 1.85
5830 1.85
5831 1.85
5832 1.85
5833 1.85
5834 1.85
5835 1.85
5836 1.85
5837 1.85
5838 1.85
5839 1.85
5840 1.85
5841 1.85
5842 1.85
5843 1.85
5844 1.85
5845 1.85
5846 1.85
5847 1.85
5848 1.85
5849 1.85
5850 1.85
5851 1.85
5852 1.85
5853 1.85
5854 1.85
5855 1.85
5856 1.85
5857 1.85
5858 1.85
5859 1.85
5860 1.85
5861 1.85
5862 1.85
5863 1.85
5864 1.85
5865 1.85
5866 1.85
5867 1.85
5868 1.85
5869 1.85
5870 1.85
5871 1.85
5872 1.85
5873 1.85
5874 1.85
5875 1.85
5876 1.85
5877 1.85
5878 1.85
5879 1.85
5880 1.85
5881 1.85
5882 1.85
5883 1.85
5884 1.85
5885 1.85
5886 1.85
5887 1.85
5888 1.85
5889 1.85
5890 1.85
5891 1.85
5892 1.85
5893 1.85
5894 1.85
5895 1.85
5896 1.85
5897 1.85
5898 1.85
5899 1.85
5900 1.85
5901 1.85
5902 1.85
5903 1.85
5904 1.85
5905 1.85
5906 1.85
5907 1.85
5908 1.85
5909 1.85
5910 1.85
5911 1.85
5912 1.85
5913 1.85
5914 1.85
5915 1.85
5916 1.85
5917 1.85
5918 1.85
5919 1.85
5920 1.85
5921 1.85
5922 1.85
5923 1.85
5924 1.85
5925 1.85
5926 1.85
5927 1.85
5928 1.85
5929 1.85
5930 1.85
5931 1.85
5932 1.85
5933 1.85
5934 1.85
5935 1.85
5936 1.85
5937 1.85
5938 1.85
5939 1.85
5940 1.85
5941 1.85
5942 1.85
5943 1.85
5944 1.85
5945 1.85
5946 1.85
5947 1.85
5948 1.85
5949 1.85
5950 1.85
5951 1.85
5952 1.85
5953 1.85
5954 1.85
5955 1.85
5956 1.85
5957 1.85
5958 1.85
5959 1.85
5960 1.85
5961 1.85
5962 1.85
5963 1.85
5964 1.85
5965 1.85
5966 1.85
5967 1.85
5968 1.85
5969 1.85
5970 1.85
5971 1.85
5972 1.85
5973 1.85
5974 1.85
5975 1.85
5976 1.85
5977 1.85
5978 1.85
5979 1.85
5980 1.85
5981 1.85
5982 1.85
5983 1.85
5984 1.85
5985 1.85
5986 1.85
5987 1.85
5988 1.85
5989 1.85
5990 1.85
5991 1.85
5992 1.85
5993 1.85
5994 1.85
5995 1.85
5996 1.85
5997 1.85
5998 1.85
5999 1.85
6000 1.85
6001 1.85
6002 1.85
6003 1.85
6004 1.85
6005 1.85
6006 1.85
6007 1.85
6008 1.85
6009 1.85
6010 1.85
6011 1.85
6012 1.85
6013 1.85
6014 1.85
6015 1.85
6016 1.85
6017 1.85
6018 1.85
6019 1.85
6020 1.85
6021 1.85
6022 1.85
6023 1.85
6024 1.85
6025 1.85
6026 1.85
6027 1.85
6028 1.85
6029 1.85
6030 1.85
6031 1.85
6032 1.85
6033 1.85
6034 1.85
6035 1.85
6036 1.85
6037 1.85
6038 1.85
6039 1.85
6040 1.85
6041 1.85
6042 1.85
6043 1.85
6044 1.85
6045 1.85
6046 1.85
6047 1.85
6048 1.85
6049 1.85
6050 1.85
6051 1.85
6052 1.85
6053 1.85
6054 1.85
6055 1.85
6056 1.85
6057 1.85
6058 1.85
6059 1.85
6060 1.85
6061 1.85
6062 1.85
6063 1.85
6064 1.85
6065 1.85
6066 1.85
6067 1.85
6068 1.85
6069 1.85
6070 1.85
6071 1.85
6072 1.85
6073 1.85
6074 1.85
6075 1.85
6076 1.85
6077 1.85
6078 1.85
6079 1.85
6080 1.85
6081 1.85
6082 1.85
6083 1.85
6084 1.85
6085 1.85
6086 1.85
6087 1.85
6088 1.85
6089 1.85
6090 1.85
6091 1.85
6092 1.85
6093 1.85
6094 1.85
6095 1.85
6096 1.85
6097 1.85
6098 1.85
6099 1.85
6100 1.85
6101 1.85
6102 1.85
6103 1.85
6104 1.85
6105 1.85
6106 1.85
6107 1.85
6108 1.85
6109 1.85
6110 1.85
6111 1.85
6112 1.85
6113 1.85
6114 1.85
6115 1.85
6116 1.85
6117 1.85
6118 1.85
6119 1.85
6120 1.85
6121 1.85
6122 1.85
6123 1.85
6124 1.85
6125 1.85
6126 1.85
6127 1.85
6128 1.85
6129 1.85
6130 1.85
6131 1.85
6132 1.85
6133 1.85
6134 1.85
6135 1.85
6136 1.85
6137 1.85
6138 1.85
6139 1.85
6140 1.85
6141 1.85
6142 1.85
6143 1.85
6144 1.85
6145 1.85
6146 1.85
6147 1.85
6148 1.85
6149 1.85
6150 1.85
6151 1.85
6152 1.85
6153 1.85
6154 1.85
6155 1.85
6156 1.85
6157 1.85
6158 1.85
6159 1.85
6160 1.85
6161 1.85
6162 1.85
6163 1.85
6164 1.85
6165 1.85
6166 1.85
6167 1.85
6168 1.85
6169 1.85
6170 1.85
6171 1.85
6172 1.85
6173 1.85
6174 1.85
6175 1.85
6176 1.85
6177 1.85
6178 1.85
6179 1.85
6180 1.85
6181 1.85
6182 1.85
6183 1.85
6184 1.85
6185 1.85
6186 1.85
6187 1.85
6188 1.85
6189 1.85
6190 1.85
6191 1.85
6192 1.85
6193 1.85
6194 1.85
6195 1.85
6196 1.85
6197 1.85
6198 1.85
6199 1.85
6200 1.85
6201 1.85
6202 1.85
6203 1.85
6204 1.85
6205 1.85
6206 1.85
6207 1.85
6208 1.85
6209 1.85
6210 1.85
6211 1.85
6212 1.85
6213 1.85
6214 1.85
6215 1.85
6216 1.85
6217 1.85
6218 1.85
6219 1.85
6220 1.85
6221 1.85
6222 1.85
6223 1.85
6224 1.85
6225 1.85
6226 1.85
6227 1.85
6228 1.85
6229 1.85
6230 1.85
6231 1.85
6232 1.85
6233 1.85
6234 1.85
6235 1.85
6236 1.85
6237 1.85
6238 1.85
6239 1.85
6240 1.85
6241 1.85
6242 1.85
6243 1.85
6244 1.85
6245 1.85
6246 1.85
6247 1.85
6248 1.85
6249 1.85
6250 1.85
6251 1.85
6252 1.85
6253 1.85
6254 1.85
6255 1.85
6256 1.85
6257 1.85
6258 1.85
6259 1.85
6260 1.85
6261 1.85
6262 1.85
6263 1.85
6264 1.85
6265 1.85
6266 1.85
6267 1.85
6268 1.85
6269 1.85
6270 1.85
6271 1.85
6272 1.85
6273 1.85
6274 1.85
6275 1.85
6276 1.85
6277 1.85
6278 1.85
6279 1.85
6280 1.85
6281 1.85
6282 1.85
6283 1.85
6284 1.85
6285 1.85
6286 1.85
6287 1.85
6288 1.85
6289 1.85
6290 1.85
6291 1.85
6292 1.85
6293 1.85
6294 1.85
6295 1.85
6296 1.85
6297 1.85
6298 1.85
6299 1.85
6300 1.85
6301 1.85
6302 1.85
6303 1.85
6304 1.85
6305 1.85
6306 1.85
6307 1.85
6308 1.85
6309 1.85
6310 1.85
6311 1.85
6312 1.85
6313 1.85
6314 1.85
6315 1.85
6316 1.85
6317 1.85
6318 1.85
6319 1.85
6320 1.85
6321 1.85
6322 1.85
6323 1.85
6324 1.85
6325 1.85
6326 1.85
6327 1.85
6328 1.85
6329 1.85
6330 1.85
6331 1.85
6332 1.85
6333 1.85
6334 1.85
6335 1.85
6336 1.85
6337 1.85
6338 1.85
6339 1.85
6340 1.85
6341 1.85
6342 1.85
6343 1.85
6344 1.85
6345 1.85
6346 1.85
6347 1.85
6348 1.85
6349 1.85
6350 1.85
6351 1.85
6352 1.85
6353 1.85
6354 1.85
6355 1.85
6356 1.85
6357 1.85
6358 1.85
6359 1.85
6360 1.85
6361 1.85
6362 1.85
6363 1.85
6364 1.85
6365 1.85
6366 1.85
6367 1.85
6368 1.85
6369 1.85
6370 1.85
6371 1.85
6372 1.85
6373 1.85
6374 1.85
6375 1.85
6376 1.85
6377 1.85
6378 1.85
6379 1.85
6380 1.85
6381 1.85
6382 1.85
6383 1.85
6384 1.85
6385 1.85
6386 1.85
6387 1.85
6388 1.85
6389 1.85
6390 1.85
6391 1.85
6392 1.85
6393 1.85
6394 1.85
6395 1.85
6396 1.85
6397 1.85
6398 1.85
6399 1.85
6400 1.85
6401 1.85
6402 1.85
6403 1.85
6404 1.85
6405 1.85
6406 1.85
6407 1.85
6408 1.85
6409 1.85
6410 1.85
6411 1.85
6412 1.85
6413 1.85
6414 1.85
6415 1.85
6416 1.85
6417 1.85
6418 1.85
6419 1.85
6420 1.85
6421 1.85
6422 1.85
6423 1.85
6424 1.85
6425 1.85
6426 1.85
6427 1.85
6428 1.85
6429 1.85
6430 1.85
6431 1.85
6432 1.85
6433 1.85
6434 1.85
6435 1.85
6436 1.85
6437 1.85
6438 1.85
6439 1.85
6440 1.85
6441 1.85
6442 1.85
6443 1.85
6444 1.85
6445 1.85
6446 1.85
6447 1.85
6448 1.85
6449 1.85
6450 1.85
6451 1.85
6452 1.85
6453 1.85
6454 1.85
6455 1.85
6456 1.85
6457 1.85
6458 1.85
6459 1.85
6460 1.85
6461 1.85
6462 1.85
6463 1.85
6464 1.85
6465 1.85
6466 1.85
6467 1.85
6468 1.85
6469 1.85
6470 1.85
6471 1.85
6472 1.85
6473 1.85
6474 1.85
6475 1.85
6476 1.85
6477 1.85
6478 1.85
6479 1.85
6480 1.85
6481 1.85
6482 1.85
6483 1.85
6484 1.85
6485 1.85
6486 1.85
6487 1.85
6488 1.85
6489 1.85
6490 1.85
6491 1.85
6492 1.85
6493 1.85
6494 1.85
6495 1.85
6496 1.85
6497 1.85
6498 1.85
6499 1.85
6500 1.85
6501 1.85
6502 1.85
6503 1.85
6504 1.85
6505 1.85
6506 1.85
6507 1.85
6508 1.85
6509 1.85
6510 1.85
6511 1.85
6512 1.85
6513 1.85
6514 1.85
6515 1.85
6516 1.85
6517 1.85
6518 1.85
6519 1.85
6520 1.85
6521 1.85
6522 1.85
6523 1.85
6524 1.85
6525 1.85
6526 1.85
6527 1.85
6528 1.85
6529 1.85
6530 1.85
6531 1.85
6532 1.85
6533 1.85
6534 1.85
6535 1.85
6536 1.85
6537 1.85
6538 1.85
6539 1.85
6540 1.85
6541 1.85
6542 1.85
6543 1.85
6544 1.85
6545 1.85
6546 1.85
6547 1.85
6548 1.85
6549 1.85
6550 1.85
6551 1.85
6552 1.85
6553 1.85
6554 1.85
6555 1.85
6556 1.85
6557 1.85
6558 1.85
6559 1.85
6560 1.85
6561 1.85
6562 1.85
6563 1.85
6564 1.85
6565 1.85
6566 1.85
6567 1.85
6568 1.85
6569 1.85
6570 1.85
6571 1.85
6572 1.85
6573 1.85
6574 1.85
6575 1.85
6576 1.85
6577 1.85
6578 1.85
6579 1.85
6580 1.85
6581 1.85
6582 1.85
6583 1.85
6584 1.85
6585 1.85
6586 1.85
6587 1.85
6588 1.85
6589 1.85
6590 1.85
6591 1.85
6592 1.85
6593 1.85
6594 1.85
6595 1.85
6596 1.85
6597 1.85
6598 1.85
6599 1.85
6600 1.85
6601 1.85
6602 1.85
6603 1.85
6604 1.85
6605 1.85
6606 1.85
6607 1.85
6608 1.85
6609 1.85
6610 1.85
6611 1.85
6612 1.85
6613 1.85
6614 1.85
6615 1.85
6616 1.85
6617 1.85
6618 1.85
6619 1.85
6620 1.85
6621 1.85
6622 1.85
6623 1.85
6624 1.85
6625 1.85
6626 1.85
6627 1.85
6628 1.85
6629 1.85
6630 1.85
6631 1.85
6632 1.85
6633 1.85
6634 1.85
6635 1.85
6636 1.85
6637 1.85
6638 1.85
6639 1.85
6640 1.85
6641 1.85
6642 1.85
6643 1.85
6644 1.85
6645 1.85
6646 1.85
6647 1.85
6648 1.85
6649 1.85
6650 1.85
6651 1.85
6652 1.85
6653 1.85
6654 1.85
6655 1.85
6656 1.85
6657 1.85
6658 1.85
6659 1.85
6660 1.85
6661 1.85
6662 1.85
6663 1.85
6664 1.85
6665 1.85
6666 1.85
6667 1.85
6668 1.85
6669 1.85
6670 1.85
6671 1.85
6672 1.85
6673 1.85
6674 1.85
6675 1.85
6676 1.85
6677 1.85
6678 1.85
6679 1.85
6680 1.85
6681 1.85
6682 1.85
6683 1.85
6684 1.85
6685 1.85
6686 1.85
6687 1.85
6688 1.85
6689 1.85
6690 1.85
6691 1.85
6692 1.85
6693 1.85
6694 1.85
6695 1.85
6696 1.85
6697 1.85
6698 1.85
6699 1.85
6700 1.85
6701 1.85
6702 1.85
6703 1.85
6704 1.85
6705 1.85
6706 1.85
6707 1.85
6708 1.85
6709 1.85
6710 1.85
6711 1.85
6712 1.85
6713 1.85
6714 1.85
6715 1.85
6716 1.85
6717 1.85
6718 1.85
6719 1.85
6720 1.85
6721 1.85
6722 1.85
6723 1.85
6724 1.85
6725 1.85
6726 1.85
6727 1.85
6728 1.85
6729 1.85
6730 1.85
6731 1.85
6732 1.85
6733 1.85
6734 1.85
6735 1.85
6736 1.85
6737 1.85
6738 1.85
6739 1.85
6740 1.85
6741 1.85
6742 1.85
6743 1.85
6744 1.85
6745 1.85
6746 1.85
6747 1.85
6748 1.85
6749 1.85
6750 1.85
6751 1.85
6752 1.85
6753 1.85
6754 1.85
6755 1.85
6756 1.85
6757 1.85
6758 1.85
6759 1.85
6760 1.85
6761 1.85
6762 1.85
6763 1.85
6764 1.85
6765 1.85
6766 1.85
6767 1.85
6768 1.85
6769 1.85
6770 1.85
6771 1.85
6772 1.85
6773 1.85
6774 1.85
6775 1.85
6776 1.85
6777 1.85
6778 1.85
6779 1.85
6780 1.85
6781 1.85
6782 1.85
6783 1.85
6784 1.85
6785 1.85
6786 1.85
6787 1.85
6788 1.85
6789 1.85
6790 1.85
6791 1.85
6792 1.85
6793 1.85
6794 1.85
6795 1.85
6796 1.85
6797 1.85
6798 1.85
6799 1.85
6800 1.85
6801 1.85
6802 1.85
6803 1.85
6804 1.85
6805 1.85
6806 1.85
6807 1.85
6808 1.85
6809 1.85
6810 1.85
6811 1.85
6812 1.85
6813 1.85
6814 1.85
6815 1.85
6816 1.85
6817 1.85
6818 1.85
6819 1.85
6820 1.85
6821 1.85
6822 1.85
6823 1.85
6824 1.85
6825 1.85
6826 1.85
6827 1.85
6828 1.85
6829 1.85
6830 1.85
6831 1.85
6832 1.85
6833 1.85
6834 1.85
6835 1.85
6836 1.85
6837 1.85
6838 1.85
6839 1.85
6840 1.85
6841 1.85
6842 1.85
6843 1.85
6844 1.85
6845 1.85
6846 1.85
6847 1.85
6848 1.85
6849 1.85
6850 1.85
6851 1.85
6852 1.85
6853 1.85
6854 1.85
6855 1.85
6856 1.85
6857 1.85
6858 1.85
6859 1.85
6860 1.85
6861 1.85
6862 1.85
6863 1.85
6864 1.85
6865 1.85
6866 1.85
6867 1.85
6868 1.85
6869 1.85
6870 1.85
6871 1.85
6872 1.85
6873 1.85
6874 1.85
6875 1.85
6876 1.85
6877 1.85
6878 1.85
6879 1.85
6880 1.85
6881 1.85
6882 1.85
6883 1.85
6884 1.85
6885 1.85
6886 1.85
6887 1.85
6888 1.85
6889 1.85
6890 1.85
6891 1.85
6892 1.85
6893 1.85
6894 1.85
6895 1.85
6896 1.85
6897 1.85
6898 1.85
6899 1.85
6900 1.85
6901 1.85
6902 1.85
6903 1.85
6904 1.85
6905 1.85
6906 1.85
6907 1.85
6908 1.85
6909 1.85
6910 1.85
6911 1.85
6912 1.85
6913 1.85
6914 1.85
6915 1.85
6916 1.85
6917 1.85
6918 1.85
6919 1.85
6920 1.85
6921 1.85
6922 1.85
6923 1.85
6924 1.85
6925 1.85
6926 1.85
6927 1.85
6928 1.85
6929 1.85
6930 1.85
6931 1.85
6932 1.85
6933 1.85
6934 1.85
6935 1.85
6936 1.85
6937 1.85
6938 1.85
6939 1.85
6940 1.85
6941 1.85
6942 1.85
6943 1.85
6944 1.85
6945 1.85
6946 1.85
6947 1.85
6948 1.85
6949 1.85
6950 1.85
6951 1.85
6952 1.85
6953 1.85
6954 1.85
6955 1.85
6956 1.85
6957 1.85
6958 1.85
6959 1.85
6960 1.85
6961 1.85
6962 1.85
6963 1.85
6964 1.85
6965 1.85
6966 1.85
6967 1.85
6968 1.85
6969 1.85
6970 1.85
6971 1.85
6972 1.85
6973 1.85
6974 1.85
6975 1.85
6976 1.85
6977 1.85
6978 1.85
6979 1.85
6980 1.85
6981 1.85
6982 1.85
6983 1.85
6984 1.85
6985 1.85
6986 1.85
6987 1.85
6988 1.85
6989 1.85
6990 1.85
6991 1.85
6992 1.85
6993 1.85
6994 1.85
6995 1.85
6996 1.85
6997 1.85
6998 1.85
6999 1.85
7000 1.85
7001 1.85
7002 1.85
7003 1.85
7004 1.85
7005 1.85
7006 1.85
7007 1.85
7008 1.85
7009 1.85
7010 1.85
7011 1.85
7012 1.85
7013 1.85
7014 1.85
7015 1.85
7016 1.85
7017 1.85
7018 1.85
7019 1.85
7020 1.85
7021 1.85
7022 1.85
7023 1.85
7024 1.85
7025 1.85
7026 1.85
7027 1.85
7028 1.85
7029 1.85
7030 1.85
7031 1.85
7032 1.85
7033 1.85
7034 1.85
7035 1.85
7036 1.85
7037 1.85
7038 1.85
7039 1.85
7040 1.85
7041 1.85
7042 1.85
7043 1.85
7044 1.85
7045 1.85
7046 1.85
7047 1.85
7048 1.85
7049 1.85
7050 1.85
7051 1.85
7052 1.85
7053 1.85
7054 1.85
7055 1.85
7056 1.85
7057 1.85
7058 1.85
7059 1.85
7060 1.85
7061 1.85
7062 1.85
7063 1.85
7064 1.85
7065 1.85
7066 1.85
7067 1.85
7068 1.85
7069 1.85
7070 1.85
7071 1.85
7072 1.85
7073 1.85
7074 1.85
7075 1.85
7076 1.85
7077 1.85
7078 1.85
7079 1.85
7080 1.85
7081 1.85
7082 1.85
7083 1.85
7084 1.85
7085 1.85
7086 1.85
7087 1.85
7088 1.85
7089 1.85
7090 1.85
7091 1.85
7092 1.85
7093 1.85
7094 1.85
7095 1.85
7096 1.85
7097 1.85
7098 1.85
7099 1.85
7100 1.85
7101 1.85
7102 1.85
7103 1.85
7104 1.85
7105 1.85
7106 1.85
7107 1.85
7108 1.85
7109 1.85
7110 1.85
7111 1.85
7112 1.85
7113 1.85
7114 1.85
7115 1.85
7116 1.85
7117 1.85
7118 1.85
7119 1.85
7120 1.85
7121 1.85
7122 1.85
7123 1.85
7124 1.85
7125 1.85
7126 1.85
7127 1.85
7128 1.85
7129 1.85
7130 1.85
7131 1.85
7132 1.85
7133 1.85
7134 1.85
7135 1.85
7136 1.85
7137 1.85
7138 1.85
7139 1.85
7140 1.85
7141 1.85
7142 1.85
7143 1.85
7144 1.85
7145 1.85
7146 1.85
7147 1.85
7148 1.85
7149 1.85
7150 1.85
7151 1.85
7152 1.85
7153 1.85
7154 1.85
7155 1.85
7156 1.85
7157 1.85
7158 1.85
7159 1.85
7160 1.85
7161 1.85
7162 1.85
7163 1.85
7164 1.85
7165 1.85
7166 1.85
7167 1.85
7168 1.85
7169 1.85
7170 1.85
7171 1.85
7172 1.85
7173 1.85
7174 1.85
7175 1.85
7176 1.85
7177 1.85
7178 1.85
7179 1.85
7180 1.85
7181 1.85
7182 1.85
7183 1.85
7184 1.85
7185 1.85
7186 1.85
7187 1.85
7188 1.85
7189 1.85
7190 1.85
7191 1.85
7192 1.85
7193 1.85
7194 1.85
7195 1.85
7196 1.85
7197 1.85
7198 1.85
7199 1.85
7200 1.85
7201 2.25
7202 2.25
7203 2.25
7204 2.25
7205 2.25
7206 2.25
7207 2.25
7208 2.25
7209 2.25
7210 2.25
7211 2.25
7212 2.25
7213 2.25
7214 2.25
7215 2.25
7216 2.25
7217 2.25
7218 2.25
7219 2.25
7220 2.25
7221 2.25
7222 2.25
7223 2.25
7224 2.25
7225 2.25
7226 2.25
7227 2.25
7228 2.25
7229 2.25
7230 2.25
7231 2.25
7232 2.25
7233 2.25
7234 2.25
7235 2.25
7236 2.25
7237 2.25
7238 2.25
7239 2.25
7240 2.25
7241 2.25
7242 2.25
7243 2.25
7244 2.25
7245 2.25
7246 2.25
7247 2.25
7248 2.25
7249 2.25
7250 2.25
7251 2.25
7252 2.25
7253 2.25
7254 2.25
7255 2.25
7256 2.25
7257 2.25
7258 2.25
7259 2.25
7260 2.25
7261 2.25
7262 2.25
7263 2.25
7264 2.25
7265 2.25
7266 2.25
7267 2.25
7268 2.25
7269 2.25
7270 2.25
7271 2.25
7272 2.25
7273 2.25
7274 2.25
7275 2.25
7276 2.25
7277 2.25
7278 2.25
7279 2.25
7280 2.25
7281 2.25
7282 2.25
7283 2.25
7284 2.25
7285 2.25
7286 2.25
7287 2.25
7288 2.25
7289 2.25
7290 2.25
7291 2.25
7292 2.25
7293 2.25
7294 2.25
7295 2.25
7296 2.25
7297 2.25
7298 2.25
7299 2.25
7300 2.25
7301 2.25
7302 2.25
7303 2.25
7304 2.25
7305 2.25
7306 2.25
7307 2.25
7308 2.25
7309 2.25
7310 2.25
7311 2.25
7312 2.25
7313 2.25
7314 2.25
7315 2.25
7316 2.25
7317 2.25
7318 2.25
7319 2.25
7320 2.25
7321 2.25
7322 2.25
7323 2.25
7324 2.25
7325 2.25
7326 2.25
7327 2.25
7328 2.25
7329 2.25
7330 2.25
7331 2.25
7332 2.25
7333 2.25
7334 2.25
7335 2.25
7336 2.25
7337 2.25
7338 2.25
7339 2.25
7340 2.25
7341 2.25
7342 2.25
7343 2.25
7344 2.25
7345 2.25
7346 2.25
7347 2.25
7348 2.25
7349 2.25
7350 2.25
7351 2.25
7352 2.25
7353 2.25
7354 2.25
7355 2.25
7356 2.25
7357 2.25
7358 2.25
7359 2.25
7360 2.25
7361 2.25
7362 2.25
7363 2.25
7364 2.25
7365 2.25
7366 2.25
7367 2.25
7368 2.25
7369 2.25
7370 2.25
7371 2.25
7372 2.25
7373 2.25
7374 2.25
7375 2.25
7376 2.25
7377 2.25
7378 2.25
7379 2.25
7380 2.25
7381 2.25
7382 2.25
7383 2.25
7384 2.25
7385 2.25
7386 2.25
7387 2.25
7388 2.25
7389 2.25
7390 2.25
7391 2.25
7392 2.25
7393 2.25
7394 2.25
7395 2.25
7396 2.25
7397 2.25
7398 2.25
7399 2.25
7400 2.25
7401 2.25
7402 2.25
7403 2.25
7404 2.25
7405 2.25
7406 2.25
7407 2.25
7408 2.25
7409 2.25
7410 2.25
7411 2.25
7412 2.25
7413 2.25
7414 2.25
7415 2.25
7416 2.25
7417 2.25
7418 2.25
7419 2.25
7420 2.25
7421 2.25
7422 2.25
7423 2.25
7424 2.25
7425 2.25
7426 2.25
7427 2.25
7428 2.25
7429 2.25
7430 2.25
7431 2.25
7432 2.25
7433 2.25
7434 2.25
7435 2.25
7436 2.25
7437 2.25
7438 2.25
7439 2.25
7440 2.25
7441 2.25
7442 2.25
7443 2.25
7444 2.25
7445 2.25
7446 2.25
7447 2.25
7448 2.25
7449 2.25
7450 2.25
7451 2.25
7452 2.25
7453 2.25
7454 2.25
7455 2.25
7456 2.25
7457 2.25
7458 2.25
7459 2.25
7460 2.25
7461 2.25
7462 2.25
7463 2.25
7464 2.25
7465 2.25
7466 2.25
7467 2.25
7468 2.25
7469 2.25
7470 2.25
7471 2.25
7472 2.25
7473 2.25
7474 2.25
7475 2.25
7476 2.25
7477 2.25
7478 2.25
7479 2.25
7480 2.25
7481 2.25
7482 2.25
7483 2.25
7484 2.25
7485 2.25
7486 2.25
7487 2.25
7488 2.25
7489 2.25
7490 2.25
7491 2.25
7492 2.25
7493 2.25
7494 2.25
7495 2.25
7496 2.25
7497 2.25
7498 2.25
7499 2.25
7500 2.25
7501 2.25
7502 2.25
7503 2.25
7504 2.25
7505 2.25
7506 2.25
7507 2.25
7508 2.25
7509 2.25
7510 2.25
7511 2.25
7512 2.25
7513 2.25
7514 2.25
7515 2.25
7516 2.25
7517 2.25
7518 2.25
7519 2.25
7520 2.25
7521 2.25
7522 2.25
7523 2.25
7524 2.25
7525 2.25
7526 2.25
7527 2.25
7528 2.25
7529 2.25
7530 2.25
7531 2.25
7532 2.25
7533 2.25
7534 2.25
7535 2.25
7536 2.25
7537 2.25
7538 2.25
7539 2.25
7540 2.25
7541 2.25
7542 2.25
7543 2.25
7544 2.25
7545 2.25
7546 2.25
7547 2.25
7548 2.25
7549 2.25
7550 2.25
7551 2.25
7552 2.25
7553 2.25
7554 2.25
7555 2.25
7556 2.25
7557 2.25
7558 2.25
7559 2.25
7560 2.25
7561 2.25
7562 2.25
7563 2.25
7564 2.25
7565 2.25
7566 2.25
7567 2.25
7568 2.25
7569 2.25
7570 2.25
7571 2.25
7572 2.25
7573 2.25
7574 2.25
7575 2.25
7576 2.25
7577 2.25
7578 2.25
7579 2.25
7580 2.25
7581 2.25
7582 2.25
7583 2.25
7584 2.25
7585 2.25
7586 2.25
7587 2.25
7588 2.25
7589 2.25
7590 2.25
7591 2.25
7592 2.25
7593 2.25
7594 2.25
7595 2.25
7596 2.25
7597 2.25
7598 2.25
7599 2.25
7600 2.25
7601 2.25
7602 2.25
7603 2.25
7604 2.25
7605 2.25
7606 2.25
7607 2.25
7608 2.25
7609 2.25
7610 2.25
7611 2.25
7612 2.25
7613 2.25
7614 2.25
7615 2.25
7616 2.25
7617 2.25
7618 2.25
7619 2.25
7620 2.25
7621 2.25
7622 2.25
7623 2.25
7624 2.25
7625 2.25
7626 2.25
7627 2.25
7628 2.25
7629 2.25
7630 2.25
7631 2.25
7632 2.25
7633 2.25
7634 2.25
7635 2.25
7636 2.25
7637 2.25
7638 2.25
7639 2.25
7640 2.25
7641 2.25
7642 2.25
7643 2.25
7644 2.25
7645 2.25
7646 2.25
7647 2.25
7648 2.25
7649 2.25
7650 2.25
7651 2.25
7652 2.25
7653 2.25
7654 2.25
7655 2.25
7656 2.25
7657 2.25
7658 2.25
7659 2.25
7660 2.25
7661 2.25
7662 2.25
7663 2.25
7664 2.25
7665 2.25
7666 2.25
7667 2.25
7668 2.25
7669 2.25
7670 2.25
7671 2.25
7672 2.25
7673 2.25
7674 2.25
7675 2.25
7676 2.25
7677 2.25
7678 2.25
7679 2.25
7680 2.25
7681 2.25
7682 2.25
7683 2.25
7684 2.25
7685 2.25
7686 2.25
7687 2.25
7688 2.25
7689 2.25
7690 2.25
7691 2.25
7692 2.25
7693 2.25
7694 2.25
7695 2.25
7696 2.25
7697 2.25
7698 2.25
7699 2.25
7700 2.25
7701 2.25
7702 2.25
7703 2.25
7704 2.25
7705 2.25
7706 2.25
7707 2.25
7708 2.25
7709 2.25
7710 2.25
7711 2.25
7712 2.25
7713 2.25
7714 2.25
7715 2.25
7716 2.25
7717 2.25
7718 2.25
7719 2.25
7720 2.25
7721 2.25
7722 2.25
7723 2.25
7724 2.25
7725 2.25
7726 2.25
7727 2.25
7728 2.25
7729 2.25
7730 2.25
7731 2.25
7732 2.25
7733 2.25
7734 2.25
7735 2.25
7736 2.25
7737 2.25
7738 2.25
7739 2.25
7740 2.25
7741 2.25
7742 2.25
7743 2.25
7744 2.25
7745 2.25
7746 2.25
7747 2.25
7748 2.25
7749 2.25
7750 2.25
7751 2.25
7752 2.25
7753 2.25
7754 2.25
7755 2.25
7756 2.25
7757 2.25
7758 2.25
7759 2.25
7760 2.25
7761 2.25
7762 2.25
7763 2.25
7764 2.25
7765 2.25
7766 2.25
7767 2.25
7768 2.25
7769 2.25
7770 2.25
7771 2.25
7772 2.25
7773 2.25
7774 2.25
7775 2.25
7776 2.25
7777 2.25
7778 2.25
7779 2.25
7780 2.25
7781 2.25
7782 2.25
7783 2.25
7784 2.25
7785 2.25
7786 2.25
7787 2.25
7788 2.25
7789 2.25
7790 2.25
7791 2.25
7792 2.25
7793 2.25
7794 2.25
7795 2.25
7796 2.25
7797 2.25
7798 2.25
7799 2.25
7800 2.25
7801 2.25
7802 2.25
7803 2.25
7804 2.25
7805 2.25
7806 2.25
7807 2.25
7808 2.25
7809 2.25
7810 2.25
7811 2.25
7812 2.25
7813 2.25
7814 2.25
7815 2.25
7816 2.25
7817 2.25
7818 2.25
7819 2.25
7820 2.25
7821 2.25
7822 2.25
7823 2.25
7824 2.25
7825 2.25
7826 2.25
7827 2.25
7828 2.25
7829 2.25
7830 2.25
7831 2.25
7832 2.25
7833 2.25
7834 2.25
7835 2.25
7836 2.25
7837 2.25
7838 2.25
7839 2.25
7840 2.25
7841 2.25
7842 2.25
7843 2.25
7844 2.25
7845 2.25
7846 2.25
7847 2.25
7848 2.25
7849 2.25
7850 2.25
7851 2.25
7852 2.25
7853 2.25
7854 2.25
7855 2.25
7856 2.25
7857 2.25
7858 2.25
7859 2.25
7860 2.25
7861 2.25
7862 2.25
7863 2.25
7864 2.25
7865 2.25
7866 2.25
7867 2.25
7868 2.25
7869 2.25
7870 2.25
7871 2.25
7872 2.25
7873 2.25
7874 2.25
7875 2.25
7876 2.25
7877 2.25
7878 2.25
7879 2.25
7880 2.25
7881 2.25
7882 2.25
7883 2.25
7884 2.25
7885 2.25
7886 2.25
7887 2.25
7888 2.25
7889 2.25
7890 2.25
7891 2.25
7892 2.25
7893 2.25
7894 2.25
7895 2.25
7896 2.25
7897 2.25
7898 2.25
7899 2.25
7900 2.25
7901 2.25
7902 2.25
7903 2.25
7904 2.25
7905 2.25
7906 2.25
7907 2.25
7908 2.25
7909 2.25
7910 2.25
7911 2.25
7912 2.25
7913 2.25
7914 2.25
7915 2.25
7916 2.25
7917 2.25
7918 2.25
7919 2.25
7920 2.25
7921 2.25
7922 2.25
7923 2.25
7924 2.25
7925 2.25
7926 2.25
7927 2.25
7928 2.25
7929 2.25
7930 2.25
7931 2.25
7932 2.25
7933 2.25
7934 2.25
7935 2.25
7936 2.25
7937 2.25
7938 2.25
7939 2.25
7940 2.25
7941 2.25
7942 2.25
7943 2.25
7944 2.25
7945 2.25
7946 2.25
7947 2.25
7948 2.25
7949 2.25
7950 2.25
7951 2.25
7952 2.25
7953 2.25
7954 2.25
7955 2.25
7956 2.25
7957 2.25
7958 2.25
7959 2.25
7960 2.25
7961 2.25
7962 2.25
7963 2.25
7964 2.25
7965 2.25
7966 2.25
7967 2.25
7968 2.25
7969 2.25
7970 2.25
7971 2.25
7972 2.25
7973 2.25
7974 2.25
7975 2.25
7976 2.25
7977 2.25
7978 2.25
7979 2.25
7980 2.25
7981 2.25
7982 2.25
7983 2.25
7984 2.25
7985 2.25
7986 2.25
7987 2.25
7988 2.25
7989 2.25
7990 2.25
7991 2.25
7992 2.25
7993 2.25
7994 2.25
7995 2.25
7996 2.25
7997 2.25
7998 2.25
7999 2.25
8000 2.25
8001 2.25
8002 2.25
8003 2.25
8004 2.25
8005 2.25
8006 2.25
8007 2.25
8008 2.25
8009 2.25
8010 2.25
8011 2.25
8012 2.25
8013 2.25
8014 2.25
8015 2.25
8016 2.25
8017 2.25
8018 2.25
8019 2.25
8020 2.25
8021 2.25
8022 2.25
8023 2.25
8024 2.25
8025 2.25
8026 2.25
8027 2.25
8028 2.25
8029 2.25
8030 2.25
8031 2.25
8032 2.25
8033 2.25
8034 2.25
8035 2.25
8036 2.25
8037 2.25
8038 2.25
8039 2.25
8040 2.25
8041 2.25
8042 2.25
8043 2.25
8044 2.25
8045 2.25
8046 2.25
8047 2.25
8048 2.25
8049 2.25
8050 2.25
8051 2.25
8052 2.25
8053 2.25
8054 2.25
8055 2.25
8056 2.25
8057 2.25
8058 2.25
8059 2.25
8060 2.25
8061 2.25
8062 2.25
8063 2.25
8064 2.25
8065 2.25
8066 2.25
8067 2.25
8068 2.25
8069 2.25
8070 2.25
8071 2.25
8072 2.25
8073 2.25
8074 2.25
8075 2.25
8076 2.25
8077 2.25
8078 2.25
8079 2.25
8080 2.25
8081 2.25
8082 2.25
8083 2.25
8084 2.25
8085 2.25
8086 2.25
8087 2.25
8088 2.25
8089 2.25
8090 2.25
8091 2.25
8092 2.25
8093 2.25
8094 2.25
8095 2.25
8096 2.25
8097 2.25
8098 2.25
8099 2.25
8100 2.25
8101 2.25
8102 2.25
8103 2.25
8104 2.25
8105 2.25
8106 2.25
8107 2.25
8108 2.25
8109 2.25
8110 2.25
8111 2.25
8112 2.25
8113 2.25
8114 2.25
8115 2.25
8116 2.25
8117 2.25
8118 2.25
8119 2.25
8120 2.25
8121 2.25
8122 2.25
8123 2.25
8124 2.25
8125 2.25
8126 2.25
8127 2.25
8128 2.25
8129 2.25
8130 2.25
8131 2.25
8132 2.25
8133 2.25
8134 2.25
8135 2.25
8136 2.25
8137 2.25
8138 2.25
8139 2.25
8140 2.25
8141 2.25
8142 2.25
8143 2.25
8144 2.25
8145 2.25
8146 2.25
8147 2.25
8148 2.25
8149 2.25
8150 2.25
8151 2.25
8152 2.25
8153 2.25
8154 2.25
8155 2.25
8156 2.25
8157 2.25
8158 2.25
8159 2.25
8160 2.25
8161 2.25
8162 2.25
8163 2.25
8164 2.25
8165 2.25
8166 2.25
8167 2.25
8168 2.25
8169 2.25
8170 2.25
8171 2.25
8172 2.25
8173 2.25
8174 2.25
8175 2.25
8176 2.25
8177 2.25
8178 2.25
8179 2.25
8180 2.25
8181 2.25
8182 2.25
8183 2.25
8184 2.25
8185 2.25
8186 2.25
8187 2.25
8188 2.25
8189 2.25
8190 2.25
8191 2.25
8192 2.25
8193 2.25
8194 2.25
8195 2.25
8196 2.25
8197 2.25
8198 2.25
8199 2.25
8200 2.25
8201 2.25
8202 2.25
8203 2.25
8204 2.25
8205 2.25
8206 2.25
8207 2.25
8208 2.25
8209 2.25
8210 2.25
8211 2.25
8212 2.25
8213 2.25
8214 2.25
8215 2.25
8216 2.25
8217 2.25
8218 2.25
8219 2.25
8220 2.25
8221 2.25
8222 2.25
8223 2.25
8224 2.25
8225 2.25
8226 2.25
8227 2.25
8228 2.25
8229 2.25
8230 2.25
8231 2.25
8232 2.25
8233 2.25
8234 2.25
8235 2.25
8236 2.25
8237 2.25
8238 2.25
8239 2.25
8240 2.25
8241 2.25
8242 2.25
8243 2.25
8244 2.25
8245 2.25
8246 2.25
8247 2.25
8248 2.25
8249 2.25
8250 2.25
8251 2.25
8252 2.25
8253 2.25
8254 2.25
8255 2.25
8256 2.25
8257 2.25
8258 2.25
8259 2.25
8260 2.25
8261 2.25
8262 2.25
8263 2.25
8264 2.25
8265 2.25
8266 2.25
8267 2.25
8268 2.25
8269 2.25
8270 2.25
8271 2.25
8272 2.25
8273 2.25
8274 2.25
8275 2.25
8276 2.25
8277 2.25
8278 2.25
8279 2.25
8280 2.25
8281 2.25
8282 2.25
8283 2.25
8284 2.25
8285 2.25
8286 2.25
8287 2.25
8288 2.25
8289 2.25
8290 2.25
8291 2.25
8292 2.25
8293 2.25
8294 2.25
8295 2.25
8296 2.25
8297 2.25
8298 2.25
8299 2.25
8300 2.25
8301 2.25
8302 2.25
8303 2.25
8304 2.25
8305 2.25
8306 2.25
8307 2.25
8308 2.25
8309 2.25
8310 2.25
8311 2.25
8312 2.25
8313 2.25
8314 2.25
8315 2.25
8316 2.25
8317 2.25
8318 2.25
8319 2.25
8320 2.25
8321 2.25
8322 2.25
8323 2.25
8324 2.25
8325 2.25
8326 2.25
8327 2.25
8328 2.25
8329 2.25
8330 2.25
8331 2.25
8332 2.25
8333 2.25
8334 2.25
8335 2.25
8336 2.25
8337 2.25
8338 2.25
8339 2.25
8340 2.25
8341 2.25
8342 2.25
8343 2.25
8344 2.25
8345 2.25
8346 2.25
8347 2.25
8348 2.25
8349 2.25
8350 2.25
8351 2.25
8352 2.25
8353 2.25
8354 2.25
8355 2.25
8356 2.25
8357 2.25
8358 2.25
8359 2.25
8360 2.25
8361 2.25
8362 2.25
8363 2.25
8364 2.25
8365 2.25
8366 2.25
8367 2.25
8368 2.25
8369 2.25
8370 2.25
8371 2.25
8372 2.25
8373 2.25
8374 2.25
8375 2.25
8376 2.25
8377 2.25
8378 2.25
8379 2.25
8380 2.25
8381 2.25
8382 2.25
8383 2.25
8384 2.25
8385 2.25
8386 2.25
8387 2.25
8388 2.25
8389 2.25
8390 2.25
8391 2.25
8392 2.25
8393 2.25
8394 2.25
8395 2.25
8396 2.25
8397 2.25
8398 2.25
8399 2.25
8400 2.25
8401 2.25
8402 2.25
8403 2.25
8404 2.25
8405 2.25
8406 2.25
8407 2.25
8408 2.25
8409 2.25
8410 2.25
8411 2.25
8412 2.25
8413 2.25
8414 2.25
8415 2.25
8416 2.25
8417 2.25
8418 2.25
8419 2.25
8420 2.25
8421 2.25
8422 2.25
8423 2.25
8424 2.25
8425 2.25
8426 2.25
8427 2.25
8428 2.25
8429 2.25
8430 2.25
8431 2.25
8432 2.25
8433 2.25
8434 2.25
8435 2.25
8436 2.25
8437 2.25
8438 2.25
8439 2.25
8440 2.25
8441 2.25
8442 2.25
8443 2.25
8444 2.25
8445 2.25
8446 2.25
8447 2.25
8448 2.25
8449 2.25
8450 2.25
8451 2.25
8452 2.25
8453 2.25
8454 2.25
8455 2.25
8456 2.25
8457 2.25
8458 2.25
8459 2.25
8460 2.25
8461 2.25
8462 2.25
8463 2.25
8464 2.25
8465 2.25
8466 2.25
8467 2.25
8468 2.25
8469 2.25
8470 2.25
8471 2.25
8472 2.25
8473 2.25
8474 2.25
8475 2.25
8476 2.25
8477 2.25
8478 2.25
8479 2.25
8480 2.25
8481 2.25
8482 2.25
8483 2.25
8484 2.25
8485 2.25
8486 2.25
8487 2.25
8488 2.25
8489 2.25
8490 2.25
8491 2.25
8492 2.25
8493 2.25
8494 2.25
8495 2.25
8496 2.25
8497 2.25
8498 2.25
8499 2.25
8500 2.25
8501 2.25
8502 2.25
8503 2.25
8504 2.25
8505 2.25
8506 2.25
8507 2.25
8508 2.25
8509 2.25
8510 2.25
8511 2.25
8512 2.25
8513 2.25
8514 2.25
8515 2.25
8516 2.25
8517 2.25
8518 2.25
8519 2.25
8520 2.25
8521 2.25
8522 2.25
8523 2.25
8524 2.25
8525 2.25
8526 2.25
8527 2.25
8528 2.25
8529 2.25
8530 2.25
8531 2.25
8532 2.25
8533 2.25
8534 2.25
8535 2.25
8536 2.25
8537 2.25
8538 2.25
8539 2.25
8540 2.25
8541 2.25
8542 2.25
8543 2.25
8544 2.25
8545 2.25
8546 2.25
8547 2.25
8548 2.25
8549 2.25
8550 2.25
8551 2.25
8552 2.25
8553 2.25
8554 2.25
8555 2.25
8556 2.25
8557 2.25
8558 2.25
8559 2.25
8560 2.25
8561 2.25
8562 2.25
8563 2.25
8564 2.25
8565 2.25
8566 2.25
8567 2.25
8568 2.25
8569 2.25
8570 2.25
8571 2.25
8572 2.25
8573 2.25
8574 2.25
8575 2.25
8576 2.25
8577 2.25
8578 2.25
8579 2.25
8580 2.25
8581 2.25
8582 2.25
8583 2.25
8584 2.25
8585 2.25
8586 2.25
8587 2.25
8588 2.25
8589 2.25
8590 2.25
8591 2.25
8592 2.25
8593 2.25
8594 2.25
8595 2.25
8596 2.25
8597 2.25
8598 2.25
8599 2.25
8600 2.25
8601 2.25
8602 2.25
8603 2.25
8604 2.25
8605 2.25
8606 2.25
8607 2.25
8608 2.25
8609 2.25
8610 2.25
8611 2.25
8612 2.25
8613 2.25
8614 2.25
8615 2.25
8616 2.25
8617 2.25
8618 2.25
8619 2.25
8620 2.25
8621 2.25
8622 2.25
8623 2.25
8624 2.25
8625 2.25
8626 2.25
8627 2.25
8628 2.25
8629 2.25
8630 2.25
8631 2.25
8632 2.25
8633 2.25
8634 2.25
8635 2.25
8636 2.25
8637 2.25
8638 2.25
8639 2.25
8640 2.25
8641 2.25
8642 2.25
8643 2.25
8644 2.25
8645 2.25
8646 2.25
8647 2.25
8648 2.25
8649 2.25
8650 2.25
8651 2.25
8652 2.25
8653 2.25
8654 2.25
8655 2.25
8656 2.25
8657 2.25
8658 2.25
8659 2.25
8660 2.25
8661 2.25
8662 2.25
8663 2.25
8664 2.25
8665 2.25
8666 2.25
8667 2.25
8668 2.25
8669 2.25
8670 2.25
8671 2.25
8672 2.25
8673 2.25
8674 2.25
8675 2.25
8676 2.25
8677 2.25
8678 2.25
8679 2.25
8680 2.25
8681 2.25
8682 2.25
8683 2.25
8684 2.25
8685 2.25
8686 2.25
8687 2.25
8688 2.25
8689 2.25
8690 2.25
8691 2.25
8692 2.25
8693 2.25
8694 2.25
8695 2.25
8696 2.25
8697 2.25
8698 2.25
8699 2.25
8700 2.25
8701 2.25
8702 2.25
8703 2.25
8704 2.25
8705 2.25
8706 2.25
8707 2.25
8708 2.25
8709 2.25
8710 2.25
8711 2.25
8712 2.25
8713 2.25
8714 2.25
8715 2.25
8716 2.25
8717 2.25
8718 2.25
8719 2.25
8720 2.25
8721 2.25
8722 2.25
8723 2.25
8724 2.25
8725 2.25
8726 2.25
8727 2.25
8728 2.25
8729 2.25
8730 2.25
8731 2.25
8732 2.25
8733 2.25
8734 2.25
8735 2.25
8736 2.25
8737 2.25
8738 2.25
8739 2.25
8740 2.25
8741 2.25
8742 2.25
8743 2.25
8744 2.25
8745 2.25
8746 2.25
8747 2.25
8748 2.25
8749 2.25
8750 2.25
8751 2.25
8752 2.25
8753 2.25
8754 2.25
8755 2.25
8756 2.25
8757 2.25
8758 2.25
8759 2.25
8760 2.25
8761 2.25
8762 2.25
8763 2.25
8764 2.25
8765 2.25
8766 2.25
8767 2.25
8768 2.25
8769 2.25
8770 2.25
8771 2.25
8772 2.25
8773 2.25
8774 2.25
8775 2.25
8776 2.25
8777 2.25
8778 2.25
8779 2.25
8780 2.25
8781 2.25
8782 2.25
8783 2.25
8784 2.25
8785 2.25
8786 2.25
8787 2.25
8788 2.25
8789 2.25
8790 2.25
8791 2.25
8792 2.25
8793 2.25
8794 2.25
8795 2.25
8796 2.25
8797 2.25
8798 2.25
8799 2.25
8800 2.25
8801 2.25
8802 2.25
8803 2.25
8804 2.25
8805 2.25
8806 2.25
8807 2.25
8808 2.25
8809 2.25
8810 2.25
8811 2.25
8812 2.25
8813 2.25
8814 2.25
8815 2.25
8816 2.25
8817 2.25
8818 2.25
8819 2.25
8820 2.25
8821 2.25
8822 2.25
8823 2.25
8824 2.25
8825 2.25
8826 2.25
8827 2.25
8828 2.25
8829 2.25
8830 2.25
8831 2.25
8832 2.25
8833 2.25
8834 2.25
8835 2.25
8836 2.25
8837 2.25
8838 2.25
8839 2.25
8840 2.25
8841 2.25
8842 2.25
8843 2.25
8844 2.25
8845 2.25
8846 2.25
8847 2.25
8848 2.25
8849 2.25
8850 2.25
8851 2.25
8852 2.25
8853 2.25
8854 2.25
8855 2.25
8856 2.25
8857 2.25
8858 2.25
8859 2.25
8860 2.25
8861 2.25
8862 2.25
8863 2.25
8864 2.25
8865 2.25
8866 2.25
8867 2.25
8868 2.25
8869 2.25
8870 2.25
8871 2.25
8872 2.25
8873 2.25
8874 2.25
8875 2.25
8876 2.25
8877 2.25
8878 2.25
8879 2.25
8880 2.25
8881 2.25
8882 2.25
8883 2.25
8884 2.25
8885 2.25
8886 2.25
8887 2.25
8888 2.25
8889 2.25
8890 2.25
8891 2.25
8892 2.25
8893 2.25
8894 2.25
8895 2.25
8896 2.25
8897 2.25
8898 2.25
8899 2.25
8900 2.25
8901 2.25
8902 2.25
8903 2.25
8904 2.25
8905 2.25
8906 2.25
8907 2.25
8908 2.25
8909 2.25
8910 2.25
8911 2.25
8912 2.25
8913 2.25
8914 2.25
8915 2.25
8916 2.25
8917 2.25
8918 2.25
8919 2.25
8920 2.25
8921 2.25
8922 2.25
8923 2.25
8924 2.25
8925 2.25
8926 2.25
8927 2.25
8928 2.25
8929 2.25
8930 2.25
8931 2.25
8932 2.25
8933 2.25
8934 2.25
8935 2.25
8936 2.25
8937 2.25
8938 2.25
8939 2.25
8940 2.25
8941 2.25
8942 2.25
8943 2.25
8944 2.25
8945 2.25
8946 2.25
8947 2.25
8948 2.25
8949 2.25
8950 2.25
8951 2.25
8952 2.25
8953 2.25
8954 2.25
8955 2.25
8956 2.25
8957 2.25
8958 2.25
8959 2.25
8960 2.25
8961 2.25
8962 2.25
8963 2.25
8964 2.25
8965 2.25
8966 2.25
8967 2.25
8968 2.25
8969 2.25
8970 2.25
8971 2.25
8972 2.25
8973 2.25
8974 2.25
8975 2.25
8976 2.25
8977 2.25
8978 2.25
8979 2.25
8980 2.25
8981 2.25
8982 2.25
8983 2.25
8984 2.25
8985 2.25
8986 2.25
8987 2.25
8988 2.25
8989 2.25
8990 2.25
8991 2.25
8992 2.25
8993 2.25
8994 2.25
8995 2.25
8996 2.25
8997 2.25
8998 2.25
8999 2.25
9000 2.25
9001 2.25
9002 2.25
9003 2.25
9004 2.25
9005 2.25
9006 2.25
9007 2.25
9008 2.25
9009 2.25
9010 2.25
9011 2.25
9012 2.25
9013 2.25
9014 2.25
9015 2.25
9016 2.25
9017 2.25
9018 2.25
9019 2.25
9020 2.25
9021 2.25
9022 2.25
9023 2.25
9024 2.25
9025 2.25
9026 2.25
9027 2.25
9028 2.25
9029 2.25
9030 2.25
9031 2.25
9032 2.25
9033 2.25
9034 2.25
9035 2.25
9036 2.25
9037 2.25
9038 2.25
9039 2.25
9040 2.25
9041 2.25
9042 2.25
9043 2.25
9044 2.25
9045 2.25
9046 2.25
9047 2.25
9048 2.25
9049 2.25
9050 2.25
9051 2.25
9052 2.25
9053 2.25
9054 2.25
9055 2.25
9056 2.25
9057 2.25
9058 2.25
9059 2.25
9060 2.25
9061 2.25
9062 2.25
9063 2.25
9064 2.25
9065 2.25
9066 2.25
9067 2.25
9068 2.25
9069 2.25
9070 2.25
9071 2.25
9072 2.25
9073 2.25
9074 2.25
9075 2.25
9076 2.25
9077 2.25
9078 2.25
9079 2.25
9080 2.25
9081 2.25
9082 2.25
9083 2.25
9084 2.25
9085 2.25
9086 2.25
9087 2.25
9088 2.25
9089 2.25
9090 2.25
9091 2.25
9092 2.25
9093 2.25
9094 2.25
9095 2.25
9096 2.25
9097 2.25
9098 2.25
9099 2.25
9100 2.25
9101 2.25
9102 2.25
9103 2.25
9104 2.25
9105 2.25
9106 2.25
9107 2.25
9108 2.25
9109 2.25
9110 2.25
9111 2.25
9112 2.25
9113 2.25
9114 2.25
9115 2.25
9116 2.25
9117 2.25
9118 2.25
9119 2.25
9120 2.25
9121 2.25
9122 2.25
9123 2.25
9124 2.25
9125 2.25
9126 2.25
9127 2.25
9128 2.25
9129 2.25
9130 2.25
9131 2.25
9132 2.25
9133 2.25
9134 2.25
9135 2.25
9136 2.25
9137 2.25
9138 2.25
9139 2.25
9140 2.25
9141 2.25
9142 2.25
9143 2.25
9144 2.25
9145 2.25
9146 2.25
9147 2.25
9148 2.25
9149 2.25
9150 2.25
9151 2.25
9152 2.25
9153 2.25
9154 2.25
9155 2.25
9156 2.25
9157 2.25
9158 2.25
9159 2.25
9160 2.25
9161 2.25
9162 2.25
9163 2.25
9164 2.25
9165 2.25
9166 2.25
9167 2.25
9168 2.25
9169 2.25
9170 2.25
9171 2.25
9172 2.25
9173 2.25
9174 2.25
9175 2.25
9176 2.25
9177 2.25
9178 2.25
9179 2.25
9180 2.25
9181 2.25
9182 2.25
9183 2.25
9184 2.25
9185 2.25
9186 2.25
9187 2.25
9188 2.25
9189 2.25
9190 2.25
9191 2.25
9192 2.25
9193 2.25
9194 2.25
9195 2.25
9196 2.25
9197 2.25
9198 2.25
9199 2.25
9200 2.25
9201 2.25
9202 2.25
9203 2.25
9204 2.25
9205 2.25
9206 2.25
9207 2.25
9208 2.25
9209 2.25
9210 2.25
9211 2.25
9212 2.25
9213 2.25
9214 2.25
9215 2.25
9216 2.25
9217 2.25
9218 2.25
9219 2.25
9220 2.25
9221 2.25
9222 2.25
9223 2.25
9224 2.25
9225 2.25
9226 2.25
9227 2.25
9228 2.25
9229 2.25
9230 2.25
9231 2.25
9232 2.25
9233 2.25
9234 2.25
9235 2.25
9236 2.25
9237 2.25
9238 2.25
9239 2.25
9240 2.25
9241 2.25
9242 2.25
9243 2.25
9244 2.25
9245 2.25
9246 2.25
9247 2.25
9248 2.25
9249 2.25
9250 2.25
9251 2.25
9252 2.25
9253 2.25
9254 2.25
9255 2.25
9256 2.25
9257 2.25
9258 2.25
9259 2.25
9260 2.25
9261 2.25
9262 2.25
9263 2.25
9264 2.25
9265 2.25
9266 2.25
9267 2.25
9268 2.25
9269 2.25
9270 2.25
9271 2.25
9272 2.25
9273 2.25
9274 2.25
9275 2.25
9276 2.25
9277 2.25
9278 2.25
9279 2.25
9280 2.25
9281 2.25
9282 2.25
9283 2.25
9284 2.25
9285 2.25
9286 2.25
9287 2.25
9288 2.25
9289 2.25
9290 2.25
9291 2.25
9292 2.25
9293 2.25
9294 2.25
9295 2.25
9296 2.25
9297 2.25
9298 2.25
9299 2.25
9300 2.25
9301 2.25
9302 2.25
9303 2.25
9304 2.25
9305 2.25
9306 2.25
9307 2.25
9308 2.25
9309 2.25
9310 2.25
9311 2.25
9312 2.25
9313 2.25
9314 2.25
9315 2.25
9316 2.25
9317 2.25
9318 2.25
9319 2.25
9320 2.25
9321 2.25
9322 2.25
9323 2.25
9324 2.25
9325 2.25
9326 2.25
9327 2.25
9328 2.25
9329 2.25
9330 2.25
9331 2.25
9332 2.25
9333 2.25
9334 2.25
9335 2.25
9336 2.25
9337 2.25
9338 2.25
9339 2.25
9340 2.25
9341 2.25
9342 2.25
9343 2.25
9344 2.25
9345 2.25
9346 2.25
9347 2.25
9348 2.25
9349 2.25
9350 2.25
9351 2.25
9352 2.25
9353 2.25
9354 2.25
9355 2.25
9356 2.25
9357 2.25
9358 2.25
9359 2.25
9360 2.25
9361 2.25
9362 2.25
9363 2.25
9364 2.25
9365 2.25
9366 2.25
9367 2.25
9368 2.25
9369 2.25
9370 2.25
9371 2.25
9372 2.25
9373 2.25
9374 2.25
9375 2.25
9376 2.25
9377 2.25
9378 2.25
9379 2.25
9380 2.25
9381 2.25
9382 2.25
9383 2.25
9384 2.25
9385 2.25
9386 2.25
9387 2.25
9388 2.25
9389 2.25
9390 2.25
9391 2.25
9392 2.25
9393 2.25
9394 2.25
9395 2.25
9396 2.25
9397 2.25
9398 2.25
9399 2.25
9400 2.25
9401 2.25
9402 2.25
9403 2.25
9404 2.25
9405 2.25
9406 2.25
9407 2.25
9408 2.25
9409 2.25
9410 2.25
9411 2.25
9412 2.25
9413 2.25
9414 2.25
9415 2.25
9416 2.25
9417 2.25
9418 2.25
9419 2.25
9420 2.25
9421 2.25
9422 2.25
9423 2.25
9424 2.25
9425 2.25
9426 2.25
9427 2.25
9428 2.25
9429 2.25
9430 2.25
9431 2.25
9432 2.25
9433 2.25
9434 2.25
9435 2.25
9436 2.25
9437 2.25
9438 2.25
9439 2.25
9440 2.25
9441 2.25
9442 2.25
9443 2.25
9444 2.25
9445 2.25
9446 2.25
9447 2.25
9448 2.25
9449 2.25
9450 2.25
9451 2.25
9452 2.25
9453 2.25
9454 2.25
9455 2.25
9456 2.25
9457 2.25
9458 2.25
9459 2.25
9460 2.25
9461 2.25
9462 2.25
9463 2.25
9464 2.25
9465 2.25
9466 2.25
9467 2.25
9468 2.25
9469 2.25
9470 2.25
9471 2.25
9472 2.25
9473 2.25
9474 2.25
9475 2.25
9476 2.25
9477 2.25
9478 2.25
9479 2.25
9480 2.25
9481 2.25
9482 2.25
9483 2.25
9484 2.25
9485 2.25
9486 2.25
9487 2.25
9488 2.25
9489 2.25
9490 2.25
9491 2.25
9492 2.25
9493 2.25
9494 2.25
9495 2.25
9496 2.25
9497 2.25
9498 2.25
9499 2.25
9500 2.25
9501 2.25
9502 2.25
9503 2.25
9504 2.25
9505 2.25
9506 2.25
9507 2.25
9508 2.25
9509 2.25
9510 2.25
9511 2.25
9512 2.25
9513 2.25
9514 2.25
9515 2.25
9516 2.25
9517 2.25
9518 2.25
9519 2.25
9520 2.25
9521 2.25
9522 2.25
9523 2.25
9524 2.25
9525 2.25
9526 2.25
9527 2.25
9528 2.25
9529 2.25
9530 2.25
9531 2.25
9532 2.25
9533 2.25
9534 2.25
9535 2.25
9536 2.25
9537 2.25
9538 2.25
9539 2.25
9540 2.25
9541 2.25
9542 2.25
9543 2.25
9544 2.25
9545 2.25
9546 2.25
9547 2.25
9548 2.25
9549 2.25
9550 2.25
9551 2.25
9552 2.25
9553 2.25
9554 2.25
9555 2.25
9556 2.25
9557 2.25
9558 2.25
9559 2.25
9560 2.25
9561 2.25
9562 2.25
9563 2.25
9564 2.25
9565 2.25
9566 2.25
9567 2.25
9568 2.25
9569 2.25
9570 2.25
9571 2.25
9572 2.25
9573 2.25
9574 2.25
9575 2.25
9576 2.25
9577 2.25
9578 2.25
9579 2.25
9580 2.25
9581 2.25
9582 2.25
9583 2.25
9584 2.25
9585 2.25
9586 2.25
9587 2.25
9588 2.25
9589 2.25
9590 2.25
9591 2.25
9592 2.25
9593 2.25
9594 2.25
9595 2.25
9596 2.25
9597 2.25
9598 2.25
9599 2.25
9600 2.25
9601 2.25
9602 2.25
9603 2.25
9604 2.25
9605 2.25
9606 2.25
9607 2.25
9608 2.25
9609 2.25
9610 2.25
9611 2.25
9612 2.25
9613 2.25
9614 2.25
9615 2.25
9616 2.25
9617 2.25
9618 2.25
9619 2.25
9620 2.25
9621 2.25
9622 2.25
9623 2.25
9624 2.25
9625 2.25
9626 2.25
9627 2.25
9628 2.25
9629 2.25
9630 2.25
9631 2.25
9632 2.25
9633 2.25
9634 2.25
9635 2.25
9636 2.25
9637 2.25
9638 2.25
9639 2.25
9640 2.25
9641 2.25
9642 2.25
9643 2.25
9644 2.25
9645 2.25
9646 2.25
9647 2.25
9648 2.25
9649 2.25
9650 2.25
9651 2.25
9652 2.25
9653 2.25
9654 2.25
9655 2.25
9656 2.25
9657 2.25
9658 2.25
9659 2.25
9660 2.25
9661 2.25
9662 2.25
9663 2.25
9664 2.25
9665 2.25
9666 2.25
9667 2.25
9668 2.25
9669 2.25
9670 2.25
9671 2.25
9672 2.25
9673 2.25
9674 2.25
9675 2.25
9676 2.25
9677 2.25
9678 2.25
9679 2.25
9680 2.25
9681 2.25
9682 2.25
9683 2.25
9684 2.25
9685 2.25
9686 2.25
9687 2.25
9688 2.25
9689 2.25
9690 2.25
9691 2.25
9692 2.25
9693 2.25
9694 2.25
9695 2.25
9696 2.25
9697 2.25
9698 2.25
9699 2.25
9700 2.25
9701 2.25
9702 2.25
9703 2.25
9704 2.25
9705 2.25
9706 2.25
9707 2.25
9708 2.25
9709 2.25
9710 2.25
9711 2.25
9712 2.25
9713 2.25
9714 2.25
9715 2.25
9716 2.25
9717 2.25
9718 2.25
9719 2.25
9720 2.25
9721 2.25
9722 2.25
9723 2.25
9724 2.25
9725 2.25
9726 2.25
9727 2.25
9728 2.25
9729 2.25
9730 2.25
9731 2.25
9732 2.25
9733 2.25
9734 2.25
9735 2.25
9736 2.25
9737 2.25
9738 2.25
9739 2.25
9740 2.25
9741 2.25
9742 2.25
9743 2.25
9744 2.25
9745 2.25
9746 2.25
9747 2.25
9748 2.25
9749 2.25
9750 2.25
9751 2.25
9752 2.25
9753 2.25
9754 2.25
9755 2.25
9756 2.25
9757 2.25
9758 2.25
9759 2.25
9760 2.25
9761 2.25
9762 2.25
9763 2.25
9764 2.25
9765 2.25
9766 2.25
9767 2.25
9768 2.25
9769 2.25
9770 2.25
9771 2.25
9772 2.25
9773 2.25
9774 2.25
9775 2.25
9776 2.25
9777 2.25
9778 2.25
9779 2.25
9780 2.25
9781 2.25
9782 2.25
9783 2.25
9784 2.25
9785 2.25
9786 2.25
9787 2.25
9788 2.25
9789 2.25
9790 2.25
9791 2.25
9792 2.25
9793 2.25
9794 2.25
9795 2.25
9796 2.25
9797 2.25
9798 2.25
9799 2.25
9800 2.25
9801 2.25
9802 2.25
9803 2.25
9804 2.25
9805 2.25
9806 2.25
9807 2.25
9808 2.25
9809 2.25
9810 2.25
9811 2.25
9812 2.25
9813 2.25
9814 2.25
9815 2.25
9816 2.25
9817 2.25
9818 2.25
9819 2.25
9820 2.25
9821 2.25
9822 2.25
9823 2.25
9824 2.25
9825 2.25
9826 2.25
9827 2.25
9828 2.25
9829 2.25
9830 2.25
9831 2.25
9832 2.25
9833 2.25
9834 2.25
9835 2.25
9836 2.25
9837 2.25
9838 2.25
9839 2.25
9840 2.25
9841 2.25
9842 2.25
9843 2.25
9844 2.25
9845 2.25
9846 2.25
9847 2.25
9848 2.25
9849 2.25
9850 2.25
9851 2.25
9852 2.25
9853 2.25
9854 2.25
9855 2.25
9856 2.25
9857 2.25
9858 2.25
9859 2.25
9860 2.25
9861 2.25
9862 2.25
9863 2.25
9864 2.25
9865 2.25
9866 2.25
9867 2.25
9868 2.25
9869 2.25
9870 2.25
9871 2.25
9872 2.25
9873 2.25
9874 2.25
9875 2.25
9876 2.25
9877 2.25
9878 2.25
9879 2.25
9880 2.25
9881 2.25
9882 2.25
9883 2.25
9884 2.25
9885 2.25
9886 2.25
9887 2.25
9888 2.25
9889 2.25
9890 2.25
9891 2.25
9892 2.25
9893 2.25
9894 2.25
9895 2.25
9896 2.25
9897 2.25
9898 2.25
9899 2.25
9900 2.25
9901 2.25
9902 2.25
9903 2.25
9904 2.25
9905 2.25
9906 2.25
9907 2.25
9908 2.25
9909 2.25
9910 2.25
9911 2.25
9912 2.25
9913 2.25
9914 2.25
9915 2.25
9916 2.25
9917 2.25
9918 2.25
9919 2.25
9920 2.25
9921 2.25
9922 2.25
9923 2.25
9924 2.25
9925 2.25
9926 2.25
9927 2.25
9928 2.25
9929 2.25
9930 2.25
9931 2.25
9932 2.25
9933 2.25
9934 2.25
9935 2.25
9936 2.25
9937 2.25
9938 2.25
9939 2.25
9940 2.25
9941 2.25
9942 2.25
9943 2.25
9944 2.25
9945 2.25
9946 2.25
9947 2.25
9948 2.25
9949 2.25
9950 2.25
9951 2.25
9952 2.25
9953 2.25
9954 2.25
9955 2.25
9956 2.25
9957 2.25
9958 2.25
9959 2.25
9960 2.25
9961 2.25
9962 2.25
9963 2.25
9964 2.25
9965 2.25
9966 2.25
9967 2.25
9968 2.25
9969 2.25
9970 2.25
9971 2.25
9972 2.25
9973 2.25
9974 2.25
9975 2.25
9976 2.25
9977 2.25
9978 2.25
9979 2.25
9980 2.25
9981 2.25
9982 2.25
9983 2.25
9984 2.25
9985 2.25
9986 2.25
9987 2.25
9988 2.25
9989 2.25
9990 2.25
9991 2.25
9992 2.25
9993 2.25
9994 2.25
9995 2.25
9996 2.25
9997 2.25
9998 2.25
9999 2.25
10000 2.25
