0
-0.057711
-0.11093
-0.21787
-0.25877
-0.29584
-0.38727
-0.41342
-0.43657
-0.45699
-0.47492
-0.49049
-0.50395
-0.51553
-0.52535
-0.53349
-0.54007
-0.48714
-0.43671
-0.38872
-0.34313
-0.2999
-0.259
-0.2204
-0.18408
-0.15004
-0.11825
-0.088725
-0.061446
-0.036279
-0.013213
0.0077642
0.026799
0.043908
0.059115
0.07245
0.083948
0.093655
0.15966
0.22001
0.2748
0.3244
0.36915
0.4093
0.44507
0.4767
0.50442
0.52845
0.54903
0.56638
3.4823
6.1439
8.6779
11.029
13.146
15.098
16.89
18.531
19.967
21.326
22.55
23.648
24.566
25.373
26.073
26.674
27.18
27.596
27.928
28.123
28.249
28.309
28.243
28.128
27.912
27.662
27.325
26.97
26.542
26.041
25.486
24.884
24.301
23.682
23.025
22.346
21.593
20.892
20.176
19.46
18.748
18.043
17.341
16.653
15.983
15.332
14.694
14.079
13.489
12.925
12.377
11.857
11.364
10.899
10.449
10.085
9.7422
9.4206
9.119
8.8269
8.6114
8.4091
8.2189
8.0975
7.9814
7.9275
7.8629
7.8548
7.8403
7.8762
7.8999
7.9687
8.0779
8.1649
8.2876
8.3739
8.492
8.6382
8.7505
8.8873
9.0452
9.279
9.4655
9.6641
9.8721
10.087
10.306
10.528
10.809
11.085
11.354
11.616
11.811
12
12.241
12.47
12.687
12.892
13.027
13.152
13.326
13.487
13.635
13.77
13.892
14.002
14.1
14.186
14.203
14.214
14.217
14.215
14.208
14.195
14.178
14.215
14.245
14.21
14.231
14.246
14.198
14.15
14.102
14.054
14.008
13.962
13.86
13.764
13.673
13.589
13.511
13.439
13.373
13.313
13.202
13.1
13.009
12.926
12.853
12.789
12.734
12.687
12.649
12.618
12.594
12.51
12.437
12.374
12.322
12.279
12.246
12.22
12.203
12.193
12.257
12.324
12.391
12.46
12.462
12.468
12.479
12.494
12.512
12.475
12.445
12.42
12.401
12.387
12.378
12.373
12.371
12.373
12.377
12.384
12.393
12.404
12.416
12.43
12.445
12.461
12.42
12.441
12.404
12.429
12.397
12.368
12.4
12.431
12.462
12.492
12.521
12.549
12.575
12.601
12.625
12.648
12.67
12.69
12.709
12.727
12.744
12.759
12.831
12.839
12.847
12.911
12.913
12.971
13.024
13.073
13.117
13.099
13.081
13.062
13.043
13.024
13.005
12.986
12.967
12.949
12.931
12.913
12.895
12.878
12.861
12.845
12.771
12.702
12.696
12.632
12.572
12.517
12.466
12.419
12.375
12.336
12.358
12.323
12.29
12.261
12.236
12.272
12.307
12.341
12.374
12.406
12.437
12.468
12.497
12.526
12.553
12.58
12.605
12.63
12.653
12.675
12.695
12.714
12.732
12.807
12.818
12.828
12.895
12.898
12.901
12.902
12.902
12.902
12.9
12.898
12.895
12.891
12.887
12.824
12.822
12.82
12.818
12.815
12.811
12.808
12.804
12.8
12.796
12.792
12.787
12.725
12.667
12.612
12.561
12.572
12.525
12.481
12.44
12.403
12.427
12.45
12.473
12.494
12.515
12.536
12.553
12.564
12.569
12.569
12.565
12.556
12.485
12.472
12.455
12.434
12.353
12.273
12.193
12.115
12.038
11.963
11.889
11.817
11.748
11.68
11.614
11.55
11.488
11.429
11.373
11.319
11.267
11.218
11.172
11.129
11.089
11.052
11.018
10.987
10.959
10.935
10.913
10.894
10.82
10.752
10.749
10.69
10.638
10.591
10.55
10.514
10.484
10.458
10.437
10.42
10.407
10.398
10.393
10.39
10.39
10.393
10.398
10.406
10.415
10.426
10.439
10.452
10.467
10.482
10.497
10.513
10.529
10.545
10.56
10.575
10.589
10.603
10.615
10.627
10.695
10.758
10.816
10.87
10.918
10.962
10.942
10.922
10.96
10.935
10.909
10.883
10.856
10.829
10.802
10.774
10.804
10.771
10.797
10.819
10.779
10.74
10.701
10.721
10.68
10.697
10.712
10.666
10.621
10.577
10.535
10.552
10.509
10.467
10.485
10.5
10.514
10.524
10.533
10.598
10.6
10.658
10.71
10.7
10.689
10.677
10.664
10.65
10.636
10.622
10.607
10.592
10.576
10.56
10.545
10.529
10.513
10.498
10.482
10.466
10.451
10.436
10.421
10.407
10.392
10.379
10.365
10.353
10.34
10.329
10.375
10.419
10.459
10.496
10.53
10.561
10.59
10.615
10.639
10.659
10.678
10.694
10.708
10.72
10.73
10.738
10.745
10.692
10.699
10.705
10.651
10.658
10.662
10.666
10.668
10.669
10.669
10.667
10.665
10.72
10.712
10.703
10.694
10.685
10.675
10.665
10.655
10.645
10.635
10.625
10.614
10.604
10.594
10.584
10.575
10.565
10.555
10.546
10.536
10.527
10.519
10.569
10.615
10.658
10.699
10.736
10.77
10.802
10.831
10.925
11.012
11.093
11.167
11.235
11.297
11.354
11.405
11.451
11.492
11.528
11.56
11.588
11.612
11.631
11.648
11.661
11.67
11.677
11.614
11.553
11.494
11.437
11.382
11.272
11.168
11.07
10.978
10.893
10.813
10.739
10.672
10.609
10.553
10.444
10.344
10.252
10.17
10.096
10.03
9.9137
9.8088
9.7149
9.6315
9.5582
9.4944
9.4396
9.3932
9.3548
9.3239
9.2999
9.2824
9.3289
9.3769
9.4262
9.4765
9.5274
9.5785
9.6297
9.7386
9.843
9.9429
9.98
10.074
10.163
10.248
10.269
10.348
10.421
10.489
10.551
10.609
10.661
10.708
10.75
10.787
10.82
10.847
10.929
11.002
11.066
11.124
11.174
11.217
11.253
11.283
11.308
11.269
11.229
11.246
11.201
11.155
11.109
11.064
11.019
10.974
10.93
7.5024
4.3013
1.3193
-1.5092
-4.0719
-6.4382
-8.6157
-10.67
-12.487
-14.138
-15.629
-16.968
-18.161
-19.215
-20.137
-20.876
-21.499
-22.015
-22.427
-22.744
-22.902
-22.981
-22.93
-22.816
-22.59
-22.261
-21.83
-21.375
-20.788
-20.196
-19.548
-18.842
-18.098
-17.323
-16.524
-15.7
-14.867
-14.031
-13.197
-12.361
-11.538
-10.732
-9.8787
-9.0532
-8.2581
-7.4957
-6.6998
-5.9439
-5.2289
-4.5453
-3.9036
-3.2456
-2.6228
-2.0447
-1.5682
-1.0719
-0.67421
-0.2438
0.090886
0.39394
0.66751
0.92338
1.1534
1.3599
1.487
1.5991
1.7078
1.8051
1.8931
1.9159
1.9373
1.9689
1.9442
1.8688
1.7479
1.6447
1.5022
1.325
1.1179
0.88517
0.63081
0.35865
0.072309
-0.22489
-0.52984
-0.83967
-1.1517
-1.4636
-1.773
-2.0781
-2.3769
-2.6679
-2.9497
-3.2209
-3.4806
-3.7279
-3.9622
-4.1829
-4.4475
-4.6359
-4.8098
-5.0273
-5.1684
-5.2953
-5.4083
-5.5078
-5.5941
-5.6678
-5.7294
-5.7795
-5.8187
-5.8478
-5.8675
-5.8788
-5.8821
-5.8783
-5.8682
-5.8524
-5.8317
-5.8067
-5.7782
-5.7468
-5.6551
-5.6236
-5.5331
-5.446
-5.4206
-5.3374
-5.2587
-5.1848
-5.1157
-5.0517
-4.9929
-4.9395
-4.8336
-4.795
-4.7037
-4.6217
-4.5486
-4.484
-4.4278
-4.3798
-4.3396
-4.3069
-4.2815
-4.1952
-4.1198
-4.0548
-3.9996
-3.9538
-3.9168
-3.8882
-3.8674
-3.854
-3.8474
-3.8471
-3.8527
-3.8636
-3.8795
-3.8997
-3.9239
-3.9517
-3.9825
-4.0163
-4.0526
-4.091
-4.1312
-4.1727
-4.2153
-4.2586
-4.3022
-4.3459
-4.3895
-4.4325
-4.4748
-4.4582
-4.4444
-4.4331
-4.4241
-4.3594
-4.3005
-4.2472
-4.1991
-4.1559
-4.1172
-4.0828
-4.0522
-4.0254
-4.0022
-3.9825
-3.9659
-3.9524
-3.9417
-3.9336
-3.9281
-3.925
-3.9242
-3.9254
-3.9284
-3.933
-3.9391
-3.9467
-3.9555
-3.9654
-3.9762
-3.9877
-3.9997
-4.0124
-3.9676
-3.985
-4.0025
-4.02
-4.0373
-4.0544
-4.0712
-4.0875
-4.1034
-4.1188
-4.0755
-4.0354
-3.9983
-3.9641
-3.9327
-3.9038
-3.9352
-3.907
-3.9391
-3.9115
-3.8862
-3.8629
-3.8415
-3.8219
-3.804
-3.7877
-3.7731
-3.7599
-3.7479
-3.7372
-3.7275
-3.7191
-3.7118
-3.7055
-3.7
-3.6953
-3.6913
-3.688
-3.6852
-3.683
-3.6813
-3.68
-3.679
-3.6785
-3.6783
-3.6783
-3.7366
-3.7332
-3.73
-3.7849
-3.7779
-3.7712
-3.7647
-3.7585
-3.7524
-3.7464
-3.7407
-3.7353
-3.7301
-3.6574
-3.5894
-3.5935
-3.5975
-3.6012
-3.6047
-3.608
-3.611
-3.6719
-3.6705
-3.7273
-3.7801
-3.7711
-3.8204
-3.808
-3.854
-3.8385
-3.8237
-3.8094
-3.7958
-3.7827
-3.7702
-3.7582
-3.8047
-3.8478
-3.8874
-3.9236
-3.9564
-3.9861
-4.0128
-4.0365
-4.0574
-4.0757
-4.0915
-4.105
-4.1162
-4.1254
-4.1326
-4.1381
-4.1418
-4.1439
-4.1445
-4.1437
-4.1416
-4.1384
-4.1341
-4.1288
-4.1227
-4.1158
-4.1083
-4.1003
-4.0918
-4.0827
-4.0731
-4.0631
-4.0529
-4.0425
-4.0321
-3.9635
-3.899
-3.8382
-3.7813
-3.7281
-3.6785
-3.6325
-3.5899
-3.5507
-3.5147
-3.5399
-3.5643
-3.588
-3.6108
-3.6328
-3.6542
-3.6748
-3.6946
-3.7138
-3.7323
-3.7501
-3.7672
-3.7837
-3.7994
-3.8143
