35.31
35.37
35.37
35.43
35.37
35.37
35.43
35.37
35.37
35.37
35.37
35.37
35.37
35.37
35.37
35.37
35.37
35.31
35.31
35.31
35.31
35.31
35.31
35.31
35.31
35.31
35.31
35.31
35.31
35.31
35.31
35.31
35.31
35.31
35.31
35.31
35.31
35.31
35.25
35.25
35.25
35.25
35.25
35.25
35.25
35.25
35.25
35.25
35.25
35.25
35.25
35.31
35.25
35.25
35.31
35.31
35.31
35.31
35.37
35.31
35.31
35.31
35.37
35.37
35.37
35.37
35.37
35.37
35.37
35.43
35.43
35.43
35.5
35.5
35.56
35.56
35.62
35.62
35.68
35.75
35.81
35.87
35.87
35.93
36
36.06
36.18
36.18
36.25
36.31
36.37
36.43
36.5
36.56
36.62
36.68
36.75
36.81
36.87
36.93
37
37.06
37.12
37.18
37.25
37.25
37.31
37.37
37.43
37.5
37.5
37.56
37.62
37.62
37.68
37.68
37.75
37.75
37.81
37.81
37.87
37.87
37.87
37.93
37.93
38
38
38
38.06
38.06
38.06
38
38.06
38.06
38.06
38.06
38.06
38.06
38
38
38
38
38.06
38.06
38
38
38
38
38.06
38.06
38
38
38
38
38
38
38
38
38.06
38.06
38.06
38.06
38.06
38.06
38.06
38
38
38.06
38
38
38.06
38.06
38.06
38.06
38.06
38.06
38.12
38.12
38.12
38.12
38.12
38.12
38.12
38.12
38.18
38.18
38.18
38.18
38.18
38.18
38.18
38.18
38.18
38.18
38.18
38.25
38.25
38.25
38.25
38.25
38.25
38.25
38.25
38.25
38.18
38.18
38.18
38.18
38.25
38.25
38.25
38.25
38.25
38.31
38.31
38.31
38.31
38.31
38.31
38.31
38.31
38.31
38.31
38.31
38.31
38.31
38.31
38.31
38.31
38.31
38.37
38.31
38.37
38.31
38.37
38.37
38.31
38.31
38.31
38.31
38.31
38.31
38.31
38.31
38.31
38.31
38.31
38.31
38.31
38.31
38.31
38.31
38.25
38.31
38.31
38.25
38.31
38.25
38.25
38.25
38.25
38.31
38.31
38.31
38.31
38.31
38.31
38.31
38.31
38.31
38.31
38.31
38.31
38.31
38.31
38.31
38.37
38.37
38.31
38.37
38.37
38.37
38.37
38.37
38.37
38.37
38.31
38.37
38.37
38.37
38.37
38.31
38.31
38.31
38.31
38.31
38.31
38.31
38.31
38.31
38.31
38.31
38.31
38.31
38.31
38.31
38.31
38.31
38.31
38.25
38.31
38.31
38.25
38.31
38.31
38.31
38.31
38.31
38.31
38.31
38.31
38.31
38.31
38.37
38.31
38.31
38.31
38.31
38.31
38.31
38.31
38.31
38.31
38.31
38.31
38.37
38.37
38.37
38.37
38.31
38.37
38.37
38.37
38.37
38.31
38.31
38.31
38.31
38.31
38.31
38.31
38.31
38.31
38.31
38.31
38.31
38.37
38.31
38.31
38.31
38.37
38.37
38.37
38.37
38.37
38.37
38.37
38.37
38.37
38.37
38.37
38.37
38.37
38.37
38.37
38.37
38.37
38.37
38.37
38.37
38.37
38.37
38.37
38.37
38.37
38.37
38.37
38.37
38.43
38.43
38.37
38.43
38.43
38.43
38.43
38.43
38.43
38.43
38.43
38.43
38.43
38.43
38.43
38.43
38.43
38.43
38.43
38.43
38.43
38.43
38.43
38.43
38.43
38.43
38.43
38.43
38.43
38.43
38.43
38.43
38.43
38.43
38.43
38.43
38.37
38.37
38.37
38.37
38.37
38.37
38.43
38.43
38.37
38.43
38.43
38.43
38.43
38.43
38.43
38.43
38.37
38.43
38.37
38.37
38.43
38.43
38.43
38.37
38.43
38.37
38.37
38.43
38.43
38.43
38.43
38.37
38.43
38.43
38.37
38.37
38.37
38.37
38.37
38.31
38.37
38.31
38.31
38.37
38.37
38.37
38.37
38.37
38.37
38.37
38.37
38.37
38.37
38.37
38.37
38.37
38.37
38.37
38.37
38.37
38.37
38.37
38.37
38.37
38.37
38.37
38.37
38.37
38.37
38.37
38.31
38.31
38.31
38.31
38.31
38.31
38.31
38.31
38.31
38.31
38.31
38.31
38.31
38.31
38.31
38.31
38.31
38.37
38.31
38.31
38.37
38.31
38.31
38.31
38.31
38.31
38.31
38.31
38.31
38.25
38.31
38.31
38.31
38.31
38.31
38.31
38.31
38.31
38.31
38.31
38.31
38.31
38.31
38.31
38.31
38.31
38.31
38.31
38.31
38.31
38.31
38.25
38.25
38.25
38.25
38.25
38.25
38.25
38.25
38.18
38.18
38.18
38.18
38.18
38.18
38.18
38.18
38.18
38.18
38.18
38.18
38.18
38.18
38.18
38.18
38.18
38.18
38.18
38.25
38.25
38.25
38.25
38.25
38.31
38.31
38.31
38.31
38.31
38.31
38.31
38.31
38.31
38.31
38.37
38.37
38.37
38.37
38.37
38.37
38.43
38.43
38.43
38.43
38.43
38.43
38.43
38.43
38.43
38.43
38.43
38.43
38.37
38.37
38.37
38.37
38.37
38.37
38.37
38.31
38.31
38.31
38.37
38.31
38.31
38.31
38.37
38.31
38.31
38.31
38.31
38.31
38.31
38.31
38.31
38.31
38.31
38.31
38.25
38.25
38.25
38.25
38.25
38.25
38.25
38.25
38.25
38.31
38.31
38.25
38.31
38.31
38.31
38.31
38.31
38.31
38.31
38.31
38.31
38.31
38.37
38.31
38.31
38.31
38.37
38.31
38.31
38.31
38.31
38.31
38.31
38.31
38.25
38.25
38.25
38.25
38.25
38.18
38.18
38.12
38.12
38.06
38
37.93
37.93
37.81
37.81
37.75
37.68
37.62
37.56
37.5
37.43
37.37
37.31
37.25
37.18
37.12
37.06
36.93
36.87
36.81
36.75
36.62
36.56
36.5
36.43
36.37
36.25
36.18
36.12
36.12
36
36
35.87
35.87
35.81
35.75
35.68
35.62
35.56
35.56
35.5
35.43
35.37
35.31
35.31
35.25
35.18
35.18
35.18
35.18
35.12
35.12
35.12
35.12
35.12
35.12
35.12
35.12
35.12
35.12
35.12
35.12
35.12
35.12
35.12
35.12
35.12
35.12
35.12
35.12
35.12
35.12
35.12
35.18
35.12
35.12
35.18
35.12
35.12
35.12
35.12
35.12
35.12
35.12
35.12
35.12
35.12
35.12
35.12
35.12
35.12
35.12
35.12
35.12
35.12
35.12
35.12
35.06
35.12
35.06
35.06
35.12
35.06
35.06
35.06
35.06
35.06
35.06
35.06
35
35.06
35
35
35
35
35
35
35
35
35
34.93
34.93
34.93
34.93
34.93
34.93
34.93
34.93
34.93
34.93
34.93
34.93
34.93
34.93
34.93
34.93
34.93
34.93
34.93
34.93
34.93
34.93
34.93
34.93
34.93
34.93
34.93
34.93
34.93
34.93
34.87
34.87
34.87
34.87
34.81
34.81
34.81
34.81
34.81
34.81
34.81
34.81
34.81
34.81
34.81
34.81
34.81
34.81
34.81
34.81
34.81
34.81
34.81
34.81
34.81
34.81
34.81
34.81
34.81
34.81
34.81
34.81
34.81
34.75
34.81
34.81
34.81
34.81
34.81
34.81
34.81
34.81
34.81
34.75
34.75
34.75
34.75
34.75
34.75
34.81
34.75
34.81
34.75
34.75
34.75
34.75
34.75
34.75
34.75
34.75
34.75
34.75
34.75
34.75
34.75
34.75
34.75
34.75
34.75
34.75
34.75
34.75
34.75
34.75
34.75
34.75
34.75
34.75
34.75
34.81
34.75
34.75
34.81
34.75
34.75
34.75
34.75
34.75
34.75
34.75
34.75
34.75
34.68
34.68
34.75
34.75
34.75
34.75
34.75
34.75
34.81
34.75
34.81
34.81
34.75
34.81
34.75
34.81
34.75
34.75
34.75
34.75
34.75
34.75
34.75
34.81
34.81
34.81
34.81
34.81
34.81
34.81
34.81
34.81
34.81
34.81
34.81
34.81
34.81
34.81
34.81
34.81
34.81
34.81
34.81
34.81
34.81
34.81
34.81
34.81
34.81
34.81
34.81
34.81
34.81
34.81
34.81
34.81
34.81
34.81
34.75
34.75
34.75
34.75
34.75
34.75
34.75
34.75
34.75
34.75
34.81
34.81
34.81
34.81
34.81
34.81
34.81
34.81
34.81
34.81
34.81
34.81
34.81
34.81
34.81
