1 0
2 0
3 0
4 0
5 0.076906
6 0.14987
7 0.21908
8 0.28475
9 0.34704
10 0.40613
11 0.46218
12 0.51535
13 0.56579
14 0.61363
15 0.65901
16 0.70206
17 0.74289
18 0.78161
19 0.81835
20 0.85319
21 0.88623
22 0.91757
23 0.9473
24 0.9755
25 1.0022
26 1.0276
27 1.0517
28 1.0745
29 1.0961
30 1.1166
31 1.1361
32 1.1546
33 1.1721
34 1.1887
35 1.2044
36 1.2193
37 1.2335
38 1.2469
39 1.2597
40 1.2718
41 1.2832
42 1.2941
43 1.3044
44 1.3142
45 1.3234
46 1.3322
47 1.3406
48 1.3485
49 1.356
50 1.3631
51 1.3698
52 1.3762
53 1.3823
54 1.388
55 1.3935
56 1.3987
57 1.4036
58 1.4082
59 1.4127
60 1.4168
61 1.4208
62 1.4246
63 1.4281
64 1.4315
65 1.4347
66 1.4378
67 1.4407
68 1.4434
69 1.446
70 1.4485
71 1.4508
72 1.453
73 1.4551
74 1.4571
75 1.459
76 1.4608
77 1.4625
78 1.4641
79 1.4656
80 1.4671
81 1.4685
82 1.4698
83 1.471
84 1.4722
85 1.4733
86 1.4743
87 1.4753
88 1.4763
89 1.4772
90 1.478
91 1.4789
92 1.4796
93 1.4804
94 1.481
95 1.4817
96 1.4823
97 1.4829
98 1.4835
99 1.484
100 1.4845
101 1.485
102 1.4854
103 1.4859
104 1.4863
105 1.4866
106 1.487
107 1.4874
108 1.4877
109 1.488
110 1.4883
111 1.4886
112 1.4888
113 1.4891
114 1.4893
115 1.4896
116 1.4898
117 1.49
118 1.4902
119 1.4904
120 1.4905
121 1.4907
122 1.4908
123 1.491
124 1.4911
125 1.4913
126 1.4914
127 1.4915
128 1.4916
129 1.4917
130 1.4918
131 1.4919
132 1.492
133 1.4921
134 1.4922
135 1.4923
136 1.4924
137 1.4924
138 1.4925
139 1.4926
140 1.4926
141 1.4927
142 1.4927
143 1.4928
144 1.4928
145 1.4929
146 1.4929
147 1.493
148 1.493
149 1.493
150 1.4931
151 1.4931
152 1.4931
153 1.4932
154 1.4932
155 1.4932
156 1.4932
157 1.4933
158 1.4933
159 1.4933
160 1.4933
161 1.4934
162 1.4934
163 1.4934
164 1.4934
165 1.4934
166 1.4934
167 1.4935
168 1.4935
169 1.4935
170 1.4935
171 1.4935
172 1.4935
173 1.4935
174 1.4935
175 1.4935
176 1.4936
177 1.4936
178 1.4936
179 1.4936
180 1.4936
181 1.4936
182 1.4936
183 1.4936
184 1.4936
185 1.4936
186 1.4936
187 1.4936
188 1.4936
189 1.4936
190 1.4936
