0
0
0
0
0
0
0
0
0
0
0
0
0
0.00080857
0.0029297
0.005998
0.009744
0.013969
0.018527
0.02331
0.028239
0.033256
0.038318
0.043394
0.048461
0.053503
0.058508
0.063467
0.068374
0.073225
0.078018
0.082749
0.087419
0.092027
0.096572
0.10105
0.10547
0.10983
0.11413
0.11837
0.12254
0.12666
0.13072
0.13472
0.13867
0.14256
0.14639
0.15017
0.15389
0.15756
0.16118
0.16475
0.16827
0.17174
0.17515
0.17852
0.18184
0.18512
0.18835
0.19153
0.19466
0.19775
0.2008
0.2038
0.20676
0.20968
0.21256
0.2154
0.21819
0.22095
0.22367
0.22634
0.22898
0.23158
0.23415
0.23668
0.23917
0.24163
0.24405
0.24644
0.24879
0.25111
0.2534
0.25565
0.25787
0.26006
0.26222
0.26435
0.26645
0.26852
0.27056
0.27257
0.27455
0.2765
0.27843
0.28032
0.2822
0.28404
0.28586
0.28765
0.28942
0.29116
0.29287
0.29456
0.29623
0.29788
0.2995
0.30109
0.30267
0.30422
0.30575
0.30726
0.30875
0.31021
0.31166
0.31308
0.31449
0.31587
0.31723
0.31858
0.3199
0.32121
0.3225
0.32377
0.32502
0.32625
0.32747
0.32867
0.32985
0.33102
0.33216
0.3333
0.33441
0.33551
0.3366
0.33767
0.33872
0.33976
0.34078
0.34179
0.34279
0.34377
0.34473
0.34569
0.34663
0.34755
0.34847
0.34936
0.35025
0.35113
0.35199
0.35284
0.35368
0.3545
0.35531
0.35612
0.35691
0.35769
0.35846
0.35921
0.35996
0.3607
0.36142
0.36214
0.36284
0.36354
0.36422
0.3649
0.36556
0.36622
0.36687
0.3675
0.36813
0.36875
0.36936
0.36996
0.37056
0.37114
0.37172
0.37229
0.37285
0.3734
0.37395
0.37448
0.37501
0.37553
0.37605
0.37655
0.37705
0.37755
0.37803
0.37851
0.37898
0.37945
0.37991
0.38036
0.3808
0.38124
0.38167
0.3821
0.38252
0.38294
0.38334
0.38375
0.38414
0.38454
0.38492
0.3853
0.38568
0.38605
0.38641
0.38677
0.38712
0.38747
0.38782
0.38816
0.38849
0.38882
0.38915
0.38947
0.38978
0.39009
0.3904
0.3907
0.391
0.39129
0.39158
0.39187
0.39215
0.39243
0.3927
0.39297
0.39324
0.3935
0.39376
0.39401
0.39426
0.39451
0.39475
0.39499
0.39523
0.39546
0.39569
0.39592
0.39614
0.39636
0.39658
0.3968
0.39701
0.39722
0.39742
0.39762
0.39782
0.39802
0.39821
0.3984
0.39859
0.39878
0.39896
0.39914
0.39932
0.39949
0.39967
0.39984
0.40001
0.40017
0.40033
0.40049
0.40065
0.40081
0.40096
0.40112
0.40126
0.40141
0.40156
0.4017
0.40184
0.40198
0.40212
0.40225
0.40239
0.40252
0.40265
0.40278
0.4029
0.40303
0.40315
0.40327
0.40339
0.40351
0.40362
0.40374
0.40385
0.40396
0.40407
0.40418
0.40428
0.40439
0.40449
0.40459
0.40469
0.40479
0.40489
0.40498
0.40508
0.40517
0.40526
0.40535
0.40544
0.40553
0.40562
0.4057
0.40579
0.40587
0.40595
0.40603
0.40611
0.40619
0.40627
0.40634
0.40642
0.40649
0.40657
0.40664
0.40671
0.40678
0.40685
0.40692
0.40698
0.40705
0.40712
0.40718
0.40724
0.4073
