0
0
0
0
0
0
0
0
0.00011929
0.00046323
0.001012
0.0017475
0.0026527
0.0037122
0.0049114
0.006237
0.0076768
0.0092195
0.010854
0.012572
0.014364
0.016221
0.018135
0.020101
0.022112
0.024161
0.026243
0.028353
0.030487
0.03264
0.034808
0.036988
0.039176
0.04137
0.043567
0.045764
0.047959
0.05015
0.052334
0.054511
0.056678
0.058834
0.060978
0.063109
0.065226
0.067327
0.069411
0.071479
0.073529
0.075561
0.077574
0.079568
0.081542
0.083496
0.08543
0.087343
0.089235
0.091106
0.092956
0.094785
0.096593
0.098379
0.10014
0.10189
0.10361
0.10531
0.10699
0.10865
0.11029
0.1119
0.1135
0.11508
0.11663
0.11816
0.11968
0.12117
0.12265
0.1241
0.12554
0.12695
0.12835
0.12973
0.13109
0.13243
0.13375
0.13506
0.13634
0.13761
0.13886
0.1401
0.14131
0.14251
0.1437
0.14487
0.14602
0.14715
0.14827
0.14937
0.15046
0.15153
0.15259
0.15364
0.15466
0.15568
0.15668
0.15766
0.15863
0.15959
0.16054
0.16147
0.16239
0.16329
0.16418
0.16506
0.16593
0.16679
0.16763
0.16846
0.16928
0.17009
0.17088
0.17167
0.17244
0.17321
0.17396
0.1747
0.17543
0.17615
0.17686
0.17756
0.17825
0.17893
0.1796
0.18026
0.18092
0.18156
0.18219
0.18282
0.18343
0.18404
0.18464
0.18523
0.18581
0.18638
0.18695
0.18751
0.18806
0.1886
0.18913
0.18966
0.19018
0.19069
0.19119
0.19169
0.19218
0.19266
0.19314
0.19361
0.19407
0.19452
0.19497
0.19542
0.19585
0.19628
0.19671
0.19713
0.19754
0.19795
0.19835
0.19874
0.19913
0.19952
0.19989
0.20027
0.20064
0.201
0.20136
0.20171
0.20206
0.2024
0.20274
0.20307
0.2034
0.20372
0.20404
0.20435
0.20466
0.20497
0.20527
0.20557
0.20586
0.20615
0.20643
0.20671
0.20699
0.20726
0.20753
0.20779
0.20806
0.20831
0.20857
0.20882
0.20906
0.20931
0.20954
0.20978
0.21001
0.21024
0.21047
0.21069
0.21091
0.21113
0.21134
0.21155
0.21176
0.21196
0.21217
0.21236
0.21256
0.21275
0.21294
0.21313
0.21332
0.2135
0.21368
0.21386
0.21403
0.2142
0.21437
0.21454
0.21471
0.21487
0.21503
0.21519
0.21534
0.2155
0.21565
0.2158
0.21594
0.21609
0.21623
0.21637
0.21651
0.21665
0.21678
0.21692
0.21705
0.21718
0.21731
0.21743
0.21756
0.21768
0.2178
0.21792
0.21803
0.21815
0.21826
0.21838
0.21849
0.21859
0.2187
0.21881
0.21891
0.21902
0.21912
0.21922
0.21932
0.21941
0.21951
0.2196
0.2197
0.21979
0.21988
0.21997
0.22006
0.22014
0.22023
0.22031
0.22039
0.22048
0.22056
0.22064
0.22071
0.22079
0.22087
0.22094
0.22102
0.22109
0.22116
0.22123
0.2213
0.22137
0.22144
0.22151
0.22157
0.22164
0.2217
0.22177
0.22183
0.22189
0.22195
0.22201
0.22207
0.22213
0.22218
0.22224
0.2223
0.22235
0.2224
0.22246
0.22251
0.22256
0.22261
0.22266
0.22271
0.22276
0.22281
0.22286
0.2229
0.22295
0.223
0.22304
0.22308
0.22313
0.22317
0.22321
0.22326
0.2233
0.22334
0.22338
0.22342
0.22346
0.22349
0.22353
0.22357
0.22361
0.22364
0.22368
0.22371
