0
0
0
0
0.0769060000000000
0.149867267200000
0.219084391196640
0.284747967696087
0.347039071915688
0.406129712538459
0.462183266639016
0.515354896046541
0.565791945646910
0.613634324153655
0.659014867897298
0.702059688195884
0.742888502877290
0.781614952526890
0.818346902033229
0.853186728000110
0.886231592586481
0.917573704326272
0.947300566469237
0.975495213371296
1.00223643544915
1.02759899319936
1.05165382076687
1.07446821953213
1.09610604217018
1.11662786761875
1.13609116737647
1.15455046353600
1.17205747894117
1.18866127984155
1.20440841140236
1.21934302641266
1.23350700752024
1.24694008330706
1.25967993850557
1.27176231864256
1.28322112938447
1.29408853084536
1.30439502710688
1.31416955118783
1.32343954568993
1.33223103933538
1.34056871960206
1.34847600165174
1.35597509373785
1.36308705926982
1.36983187570289
1.37622849041347
1.38229487371290
1.38804806914439
1.39350424120108
1.39867872059628
1.40358604721030
1.40824001083226
1.41265368980922
1.41683948770933
1.42080916810056
1.42457388754110
1.42814422687308
1.43153022090619
1.43474138657393
1.43778674964047
1.44067487003261
1.44341386586723
1.44601143624127
1.44847488284768
1.45081113047766
1.45302674646648
1.45512795913699
1.45712067529260
1.45901049680836
1.46080273636674
1.46250243238198
1.46411436315482
1.46564306029730
1.46709282146504
1.46846772243287
1.46977162854747
1.47100820558920
1.47218093007358
1.47329309902118
1.47434783922347
1.47534811603055
1.47629674168528
1.47719638322752
1.47804956999022
1.47885870070886
1.47962605026375
1.48035377607449
1.48104392416427
1.48169843491125
1.48231914850295
1.48290781010916
1.48346607478779
1.48399551213751
1.48449761071013
1.48497378219527
1.48542536538891
1.48585362995719
1.48625978000574
1.48664495746485
1.48701024529983
1.48735667055560
1.48768520724414
1.48799677908279
1.48829226209124
1.48857248705442
1.48883824185817
1.48909027370436
1.48932929121167
1.48955596640784
1.48977093661906
1.48997480626186
1.49016814854242
1.49035150706813
1.49052539737601
1.49069030838217
1.49084670375636
1.49099502322568
1.49113568381085
1.49126908099872
1.49139558985423
1.49151556607489
1.49162934699088
1.49173725251350
1.49183958603460
1.49193663527964
1.49202867311661
1.49211595832325
1.49219873631466
1.49227723983326
1.49235168960322
1.49242229495101
1.49248925439400
1.49255275619856
1.49261297890943
1.49267009185170
1.49272425560692
1.49277562246455
1.49282433685019
1.49287053573162
1.49291434900393
1.49295589985469
1.49299530511037
1.49303267556477
1.49306811629055
1.49310172693465
1.49313360199847
1.49316383110356
1.49319249924363
1.49321968702347
1.49324547088565
1.49326992332540
1.49329311309447
1.49331510539440
1.49333596205988
1.49335574173259
1.49337450002608
1.49339228968215
1.49340916071912
1.49342516057247
1.49344033422822
1.49345472434942
1.49346837139608
1.49348131373895
1.49349358776740
1.49350522799173
1.49351626714019
1.49352673625105
1.49353666475979
1.49354608058194
1.49355501019152
1.49356347869547
1.49357150990431
1.49357912639898
1.49358634959443
1.49359319979977
1.49359969627541
1.49360585728717
1.49361170015768
1.49361724131506
1.49362249633912
1.49362748000516
1.49363220632553
1.49363668858898
1.49364093939810