0
0
0.105750000000000
0.199069400000000
0.281416697780000
0.354079401824736
0.418194070405151
0.474764002548153
0.524674856019465
0.568708435209403
0.607554863353161
0.641823328393236
0.672051569611259
0.698714252574902
0.722230362658133
0.742969732131236
0.761258802343198
0.777385710623986
0.791604781032801
0.804140488807333
0.815190960184275
0.824931062035505
0.833515129385132
0.841079373240828
0.847744006200901
0.853615118909208
0.858786336554836
0.863340281192482
0.867349862639136
0.870879418036381
0.873985717813603
0.876718853709311
0.879123022673050
0.881237218850769
0.883095844426517
0.884729248831031
0.886164204713282
0.887424328087182
0.888530449197052
0.889500939878648
0.890352002515549
0.891097925093075
0.891751306324295
0.892323254356873
0.892823562158289
0.893260862313967
0.893642763652309
0.893975971827739
0.894266395743060
0.894519241471917
0.894739095147497
0.894929996111734
0.895095501467565
0.895238743042856
0.895362477656359
0.895469131471693
0.895560839133178
0.895639478296000
0.895706700091382
0.895763956004013
0.895812521583039
0.895853517358501
0.895887927291487
0.895916615047766
0.895940338350671
0.895959761639007
0.895975467229251
0.895987965157945
0.895997701859538
0.896005067816697
0.896010404304037
0.896014009332023
0.896016142885245
0.896017031538225
0.896016872522126
0.896015837307138
0.896014074757680
0.896011713910863
0.896008866422705
0.896005628721386
0.896002083902193
0.895998303394715
0.895994348429291
0.895990271326492
0.895986116630649
0.895981922105938
0.895977719611383
0.895973535869168
0.895969393138990
0.895965309809657
0.895961300917825
0.895957378602585
0.895953552503605
0.895949830109587
0.895946217063032
0.895942717426573
0.895939333915516
0.895936068100695
0.895932920585227
0.895929891158361
0.895926978929209
0.895924182442830
0.895921499780829
0.895918928648395
0.895916466449442
0.895914110351350
0.895911857340596
0.895909704270431
0.895907647901600
0.895905684936991
0.895903812051003
0.895902025914301
0.895900323214566
0.895898700673764
0.895897155062401
0.895895683211160
0.895894282020281
0.895892948466995
0.895891679611280
0.895890472600185
0.895889324670914
0.895888233152872
0.895887195468817
0.895886209135256
0.895885271762213
0.895884381052471
0.895883534800373
0.895882730890261
0.895881967294633
0.895881242072061
0.895880553364927
0.895879899397021
0.895879278471039
0.895878688966012
0.895878129334683
0.895877598100877
0.895877093856863
0.895876615260729
0.895876161033787
0.895875729958026
0.895875320873599
0.895874932676377
0.895874564315560
0.895874214791357
0.895873883152730
0.895873568495216
0.895873269958816
0.895872986725964
0.895872718019567
0.895872463101117
0.895872221268883
0.895871991856169
0.895871774229643
0.895871567787746
0.895871371959151
0.895871186201307
0.895871009999034
0.895870842863186
0.895870684329375
0.895870533956749
0.895870391326830
0.895870256042402
0.895870127726459
0.895870006021190
0.895869890587025
0.895869781101719
0.895869677259481
0.895869578770147
0.895869485358393
0.895869396762983
0.895869312736060
0.895869233042466
0.895869157459097
0.895869085774294
0.895869017787257
0.895868953307498
0.895868892154309
0.895868834156268
0.895868779150763
0.895868726983542
0.895868677508285
0.895868630586201
0.895868586085639
0.895868543881726
0.895868503856015
0.895868465896160
0.895868429895599
0.895868395753261
0.895868363373281
0.895868332664734