1 0
2 0
3 0
4 0
5 0
6 0
7 0
8 0
9 0
10 0.0016873
11 0.0064493
12 0.01387
13 0.023576
14 0.035231
15 0.048536
16 0.06322
17 0.079044
18 0.095794
19 0.11328
20 0.13133
21 0.14979
22 0.16854
23 0.18745
24 0.20643
25 0.22538
26 0.24423
27 0.26291
28 0.28136
29 0.29953
30 0.31738
31 0.33488
32 0.35199
33 0.36869
34 0.38496
35 0.4008
36 0.41618
37 0.4311
38 0.44555
39 0.45954
40 0.47306
41 0.48611
42 0.49871
43 0.51085
44 0.52254
45 0.53379
46 0.5446
47 0.555
48 0.56498
49 0.57455
50 0.58374
51 0.59254
52 0.60098
53 0.60905
54 0.61678
55 0.62418
56 0.63125
57 0.63801
58 0.64447
59 0.65063
60 0.65652
61 0.66214
62 0.6675
63 0.67262
64 0.6775
65 0.68214
66 0.68657
67 0.6908
68 0.69482
69 0.69864
70 0.70229
71 0.70576
72 0.70906
73 0.7122
74 0.71519
75 0.71803
76 0.72073
77 0.7233
78 0.72574
79 0.72806
80 0.73026
81 0.73235
82 0.73434
83 0.73623
84 0.73803
85 0.73973
86 0.74135
87 0.74288
88 0.74434
89 0.74572
90 0.74703
91 0.74828
92 0.74946
93 0.75058
94 0.75164
95 0.75265
96 0.75361
97 0.75451
98 0.75537
99 0.75619
100 0.75696
101 0.75769
102 0.75839
103 0.75904
104 0.75967
105 0.76026
106 0.76082
107 0.76135
108 0.76185
109 0.76233
110 0.76278
111 0.7632
112 0.76361
113 0.76399
114 0.76435
115 0.7647
116 0.76502
117 0.76533
118 0.76562
119 0.7659
120 0.76616
121 0.76641
122 0.76664
123 0.76687
124 0.76708
125 0.76728
126 0.76746
127 0.76764
128 0.76781
129 0.76797
130 0.76812
131 0.76826
132 0.7684
133 0.76853
134 0.76865
135 0.76876
136 0.76887
137 0.76898
138 0.76907
139 0.76916
140 0.76925
141 0.76933
142 0.76941
143 0.76949
144 0.76956
145 0.76962
146 0.76968
147 0.76974
148 0.7698
149 0.76985
150 0.7699
151 0.76995
152 0.76999
153 0.77004
154 0.77008
155 0.77011
156 0.77015
157 0.77018
158 0.77021
159 0.77024
160 0.77027
161 0.7703
162 0.77033
163 0.77035
164 0.77037
165 0.7704
166 0.77042
167 0.77043
168 0.77045
169 0.77047
170 0.77049
171 0.7705
172 0.77052
173 0.77053
174 0.77054
175 0.77056
176 0.77057
177 0.77058
178 0.77059
179 0.7706
180 0.77061
