32.68
32.68
32.68
32.68
32.68
32.68
32.68
32.68
32.68
32.68
32.68
32.75
32.75
32.75
32.75
32.75
32.81
32.75
32.81
32.81
32.81
32.81
32.81
32.81
32.81
32.81
32.81
32.81
32.87
32.87
32.81
32.81
32.81
32.81
32.81
32.81
32.81
32.81
32.81
32.81
32.81
32.87
32.87
32.87
32.87
32.87
32.87
32.87
32.87
32.87
32.87
32.87
32.87
32.87
32.87
32.87
32.87
32.87
32.87
32.87
32.87
32.87
32.87
32.87
32.81
32.81
32.81
32.81
32.81
32.81
32.81
32.81
32.81
32.81
32.81
32.81
32.81
32.75
32.81
32.81
32.81
32.75
32.75
32.75
32.75
32.81
32.75
32.81
32.81
32.81
32.81
32.81
32.87
32.93
33
33.12
33.25
33.37
33.43
33.5
33.5
33.5
33.5
33.5
33.5
33.5
33.43
33.43
33.43
33.43
33.37
33.37
33.37
33.37
33.37
33.31
33.37
33.31
33.31
33.31
33.31
33.31
33.31
33.31
33.31
33.31
33.31
33.25
33.25
33.25
33.25
33.25
33.25
33.25
33.25
33.25
33.18
33.18
33.18
33.18
33.18
33.25
33.18
33.18
33.25
33.18
33.18
33.18
33.18
33.18
33.18
33.18
33.12
33.12
33.12
33.12
33.12
33.12
33.12
33.12
33.12
33.12
33.12
33.12
33.12
33.12
33.12
33.12
33.06
33.12
33.12
33.12
33.12
33.06
33.12
33.12
33.12
33.12
33.12
33.12
33.12
33.12
33.12
33.12
33.12
33.12
33.18
33.18
33.18
33.18
33.12
33.18
33.18
33.12
33.18
33.12
33.12
33.12
33.18
33.12
33.18
33.18
33.18
33.18
33.18
33.18
33.18
33.18
33.18
33.18
33.12
33.12
33.12
33.12
33.12
33.12
33.12
33.12
33.12
33.12
33.12
33.12
33.12
33.12
33.12
33.12
33.12
33.12
33.06
33.06
33.06
33.06
33.06
33.06
33.06
33.06
33
33
33
33
33
33
33
33
33.06
33.06
33.06
33.06
33.06
33.06
33.06
0
0
0
0
0
0
0
0
0
0
0
0
0
0
0
0
0
0
0
0
0
0
0
0
0
0
0
0
0
0
0
0
0
0
0
0
0
0
0
0
0
0
0
0
0
0
0
0
0
0
0
0
0
0
0
0
0
0
0
0
0
0
0
0
0
0
0
0
0
0
0
0
0
0
0
0
0
0
0
0
0
0
0
0
0
0
0
0
0
0
0
0
0
0
0
0
0
0
0
0
0
0
0
0
0
0
0
0
0
0
0
0
0
0
0
0
0
0
0
0
0
0
0
0
0
0
0
0
0
0
0
0
0
0
0
0
0
0
0
0
0
0
0
0
0
0
0
0
0
0
0
0
0
0
0
0
0
0
0
0
0
0
0
0
0
0
0
0
0
0
0
0
0
0
0
0
0
0
0
0
0
0
0
0
0
0
0
0
0
0
0
0
0
0
0
0
0
0
0
0
0
0
0
0
0
0
0
0
0
0
0
0
0
0
0
0
0
0
0
0
0
0
0
0
0
0
0
0
0
0
0
0
0
0
0
0
0
0
0
0
0
0
0
0
0
0
0
0
0
