0
0
0
0
0
0
0
0
0
0
0
0
0
0.000254
0.00096623
0.0020695
0.0035058
0.0052246
0.0071823
0.0093412
0.011669
0.014136
0.016719
0.019397
0.022151
0.024966
0.027828
0.030724
0.033646
0.036584
0.039531
0.042481
0.045427
0.048366
0.051293
0.054205
0.057099
0.059972
0.062823
0.06565
0.06845
0.071224
0.07397
0.076687
0.079375
0.082033
0.084661
0.087259
0.089826
0.092363
0.094869
0.097344
0.099789
0.1022
0.10459
0.10694
0.10927
0.11156
0.11383
0.11606
0.11827
0.12045
0.1226
0.12472
0.12682
0.12889
0.13093
0.13294
0.13493
0.13689
0.13883
0.14074
0.14262
0.14449
0.14632
0.14813
0.14992
0.15169
0.15343
0.15515
0.15685
0.15852
0.16017
0.1618
0.16341
0.165
0.16657
0.16811
0.16964
0.17115
0.17263
0.1741
0.17554
0.17697
0.17838
0.17977
0.18115
0.1825
0.18384
0.18515
0.18646
0.18774
0.18901
0.19026
0.19149
0.19271
0.19391
0.1951
0.19627
0.19742
0.19856
0.19969
0.2008
0.20189
0.20297
0.20404
0.20509
0.20613
0.20716
0.20817
0.20917
0.21015
0.21112
0.21208
0.21303
0.21396
0.21489
0.2158
0.21669
0.21758
0.21845
0.21932
0.22017
0.22101
0.22184
0.22265
0.22346
0.22426
0.22504
0.22582
0.22659
0.22734
0.22809
0.22882
0.22955
0.23027
0.23097
0.23167
0.23236
0.23304
0.23371
0.23437
0.23502
0.23567
0.2363
0.23693
0.23755
0.23816
0.23876
0.23936
0.23995
0.24053
0.2411
0.24166
0.24222
0.24277
0.24331
0.24385
0.24437
0.2449
0.24541
0.24592
0.24642
0.24691
0.2474
0.24788
0.24836
0.24882
0.24929
0.24974
0.25019
0.25064
0.25108
0.25151
0.25194
0.25236
0.25277
0.25318
0.25359
0.25399
0.25438
0.25477
0.25516
0.25554
0.25591
0.25628
0.25664
0.257
0.25736
0.25771
0.25805
0.25839
0.25873
0.25906
0.25939
0.25971
0.26003
0.26035
0.26066
0.26096
0.26127
0.26157
0.26186
0.26215
0.26244
0.26272
0.263
0.26328
0.26355
0.26382
0.26408
0.26434
0.2646
0.26486
0.26511
0.26535
0.2656
0.26584
0.26608
0.26631
0.26655
0.26677
0.267
0.26722
0.26744
0.26766
0.26788
0.26809
0.2683
0.2685
0.2687
0.2689
0.2691
0.2693
0.26949
0.26968
0.26987
0.27005
0.27024
0.27042
0.27059
0.27077
0.27094
0.27111
0.27128
0.27145
0.27161
0.27178
0.27194
0.27209
0.27225
0.2724
0.27256
0.27271
0.27285
0.273
0.27314
0.27329
0.27343
0.27356
0.2737
0.27384
0.27397
0.2741
0.27423
0.27436
0.27448
0.27461
0.27473
0.27485
0.27497
0.27509
0.2752
0.27532
0.27543
0.27554
