1 0
2 0
3 0
4 0
5 0
6 0
7 0
8 0
9 0
10 0
11 0
12 0
13 0
14 0
15 0
16 0
17 0
18 0
19 0
20 0
21 0.83986
22 1.3905
23 1.712
24 1.8596
25 1.8814
26 1.8176
27 1.7006
28 1.5557
29 1.4015
30 1.251
31 1.1127
32 0.99153
33 0.88964
34 0.80723
35 0.74319
36 0.69556
37 0.66199
38 0.64001
39 0.62718
40 0.62132
41 0.6205
42 0.6231
43 0.62783
44 0.63367
45 0.63988
46 0.64594
47 0.65151
48 0.65639
49 0.66049
50 0.66381
51 0.6664
52 0.66832
53 0.66968
54 0.67058
55 0.6711
56 0.67135
57 0.67139
58 0.67129
59 0.67111
60 0.67088
61 0.67064
62 0.6704
63 0.67018
64 0.66999
65 0.66983
66 0.6697
67 0.6696
68 0.66952
69 0.66947
70 0.66944
71 0.66942
72 0.66941
73 0.66941
74 0.66941
75 0.66942
76 0.66943
77 0.66944
78 0.66945
79 0.66946
80 0.66947
81 0.66948
82 0.66948
83 0.66948
84 0.66949
85 0.66949
86 0.66949
87 0.66949
88 0.66949
89 0.66949
90 0.66949
91 0.66949
92 0.66949
93 0.66948
94 0.66948
95 0.66948
96 0.66948
97 0.66948
98 0.66947
99 0.66947
100 0.66947
101 0.66947
102 0.66947
103 0.66946
104 0.66946
105 0.66946
106 0.66946
107 0.66945
108 0.66945
109 0.66945
110 0.66944
111 0.66944
112 0.66943
113 0.66943
114 0.66942
115 0.66942
116 0.66941
117 0.66941
118 0.6694
119 0.6694
120 0.66939
121 0.66938
122 0.66938
123 0.66937
124 0.66937
125 0.66937
126 0.66939
127 0.66941
128 0.66946
129 0.66952
130 0.66961
131 0.66974
132 0.66991
133 0.67012
134 0.67037
135 0.67066
136 0.67098
137 0.67132
138 0.67165
139 0.67194
140 0.67218
141 0.67236
142 0.67234
143 0.67211
144 0.67168
145 0.67113
146 0.6705
147 0.66987
148 0.66929
149 0.66879
150 0.6684
151 0.66813
152 0.66796
153 0.6679
154 0.66793
155 0.66802
156 0.66816
157 0.66833
158 0.66852
159 0.6687
160 0.66888
161 0.66905
162 0.66919
163 0.66931
164 0.6694
165 0.66948
166 0.66953
167 0.66956
168 0.66958
169 0.66959
170 0.66959
171 0.66958
172 0.66957
173 0.66956
174 0.66954
175 0.66953
176 0.66951
177 0.6695
178 0.66949
179 0.66948
180 0.66948
181 0.66947
182 0.66947
183 0.66946
184 0.66946
185 0.66946
186 0.66946
187 0.66946
188 0.66946
189 0.66946
190 0.66947
191 0.66947
192 0.66947
193 0.66947
194 0.66947
195 0.66947
196 0.66947
197 0.66947
198 0.66947
199 0.66947
200 0.66947
