1 0
2 0
3 0
4 0
5 0
6 0
7 0
8 0
9 0
10 0
11 0
12 0
13 0
14 0
15 0
16 0
17 0
18 0
19 0
20 0
21 0
22 0
23 0
24 0
25 0
26 0.064591
27 0.16821
28 0.29125
29 0.41932
30 0.54249
31 0.65443
32 0.75162
33 0.83267
34 0.89769
35 0.94778
36 0.98466
37 1.0103
38 1.0268
39 1.0361
40 1.04
41 1.04
42 1.0374
43 1.0333
44 1.0284
45 1.0233
46 1.0183
47 1.0138
48 1.01
49 1.0067
50 1.0041
51 1.0021
52 1.0006
53 0.9996
54 0.99894
55 0.99857
56 0.99841
57 0.99841
58 0.99852
59 0.99868
60 0.99888
61 0.99909
62 0.99928
63 0.99946
64 0.99962
65 0.99975
66 0.99986
67 0.99994
68 1
69 1
70 1.0001
71 1.0001
72 1.0001
73 1.0001
74 1.0001
75 1.0001
76 1.0001
77 1.0001
78 1.0001
79 1.0001
80 1
81 1
82 1
83 1
84 1
85 1
86 1
87 1
88 1
89 1
90 1
91 1
92 1
93 1
94 1
95 1
96 1
97 1
98 1
99 1
100 1
101 1
102 1
103 1
104 1
105 1
106 1
107 1
108 1
109 1
110 1
111 1
112 1
113 1
114 1
115 1
116 1
117 1
118 1
119 0.99999
120 0.99999
121 0.99998
122 0.99998
123 0.99998
124 0.99997
125 0.99997
126 0.99996
127 0.99996
128 0.99995
129 0.99995
130 0.99994
131 0.99994
132 0.99994
133 0.99994
134 0.99995
135 0.99996
136 0.99998
137 1
138 1.0001
139 1.0001
140 1.0002
141 1.0003
142 1.0004
143 1.0006
144 1.0008
145 1.0009
146 1.0011
147 1.0013
148 1.0014
149 1.0015
150 1.0015
151 1.0015
152 1.0015
153 1.0014
154 1.0013
155 1.0011
156 1.001
157 1.0008
158 1.0006
159 1.0005
160 1.0004
161 1.0002
162 1.0001
163 1.0001
164 0.99999
165 0.99995
166 0.99992
167 0.9999
168 0.99989
169 0.99989
170 0.9999
171 0.99991
172 0.99992
173 0.99993
174 0.99995
175 0.99996
176 0.99997
177 0.99998
178 0.99999
179 0.99999
180 1
181 1
182 1
183 1
184 1
185 1
186 1
187 1
188 1
189 1
190 1
191 1
192 1
193 1
194 1
195 1
196 1
197 1
198 1
199 1
200 1
