0
0
0
0
0
0
0
0
0
0
0
0
0
0
0
0
0
0
0
0.00068314
0.0026378
0.0057314
0.0098438
0.014865
0.020697
0.027248
0.034437
0.04219
0.050438
0.059121
0.068183
0.077573
0.087247
0.097162
0.10728
0.11757
0.128
0.13854
0.14917
0.15987
0.17061
0.18137
0.19214
0.20291
0.21366
0.22438
0.23506
0.24569
0.25626
0.26676
0.27719
0.28754
0.29781
0.30799
0.31807
0.32806
0.33795
0.34774
0.35742
0.367
0.37647
0.38583
0.39508
0.40423
0.41326
0.42218
0.43099
0.43969
0.44828
0.45676
0.46513
0.47339
0.48154
0.48958
0.49752
0.50535
0.51307
0.52069
0.5282
0.53561
0.54292
0.55013
0.55724
0.56425
0.57116
0.57797
0.58469
0.59132
0.59785
0.60429
0.61064
0.6169
0.62307
0.62916
0.63515
0.64107
0.6469
0.65264
0.6583
0.66389
0.66939
0.67482
0.68016
0.68543
0.69063
0.69575
0.7008
0.70578
0.71068
0.71551
0.72028
0.72498
0.72961
0.73417
0.73867
0.7431
0.74747
0.75177
0.75602
0.7602
0.76433
0.76839
0.7724
0.77634
0.78024
0.78407
0.78785
0.79158
0.79525
0.79887
0.80244
0.80595
0.80942
0.81284
0.8162
0.81952
0.82279
0.82601
0.82919
0.83232
0.83541
0.83845
0.84145
0.8444
0.84732
0.85019
0.85302
0.85581
0.85855
0.86126
0.86393
0.86656
0.86916
0.87171
0.87423
0.87672
0.87916
0.88158
0.88395
0.8863
0.88861
0.89088
0.89313
0.89534
0.89752
0.89967
0.90178
0.90387
0.90593
0.90795
0.90995
0.91192
0.91386
0.91577
0.91766
0.91952
0.92135
0.92315
0.92493
0.92669
0.92841
0.93012
0.9318
0.93345
0.93508
0.93669
0.93827
0.93984
0.94137
0.94289
0.94439
0.94586
0.94731
0.94874
0.95015
0.95155
0.95292
0.95427
0.9556
0.95691
0.9582
0.95948
0.96073
0.96197
0.96319
0.9644
0.96558
0.96675
0.9679
0.96904
0.97015
0.97126
0.97234
0.97341
0.97447
0.97551
0.97654
0.97755
0.97854
0.97953
0.98049
0.98145
0.98239
0.98331
0.98423
0.98513
0.98601
0.98689
0.98775
0.9886
0.98944
0.99026
0.99107
0.99188
0.99267
0.99344
0.99421
0.99497
0.99571
0.99645
0.99717
0.99789
0.99859
0.99928
0.99997
1.0006
1.0013
1.002
1.0026
1.0032
1.0039
1.0045
1.0051
1.0057
1.0063
1.0069
1.0074
1.008
1.0086
1.0091
1.0097
1.0102
1.0107
1.0112
1.0117
1.0122
1.0127
1.0132
1.0137
1.0142
1.0147
1.0151
1.0156
1.016
1.0165
1.0169
1.0173
1.0178
1.0182
1.0186
1.019
1.0194
1.0198
1.0202
1.0206
1.0209
1.0213
1.0217
1.022
1.0224
1.0227
1.0231
1.0234
1.0238
1.0241
1.0244
1.0247
1.0251
1.0254
1.0257
1.026
1.0263
1.0266
1.0269
1.0272
1.0274
1.0277
1.028
1.0283
1.0285
1.0288
1.029
1.0293
1.0295
1.0298
1.03
1.0303
1.0305
1.0308
1.031
1.0312
1.0314
1.0317
1.0319
1.0321
1.0323
1.0325
1.0327
1.0329
1.0331
1.0333
1.0335
1.0337
1.0339
1.0341
1.0342
1.0344
1.0346
1.0348
1.035
1.0351
1.0353
1.0355
1.0356
1.0358
1.0359
1.0361
1.0362
1.0364
1.0365
