0
-0.17399
-0.33616
-0.48682
-0.62638
-0.75538
-0.87411
-0.92494
-0.9703
-0.9524
-0.93341
-0.91344
-0.82491
-0.74014
-0.65908
-0.58168
-0.50789
-0.43774
-0.37128
-0.30843
-0.24911
-0.19324
-0.14078
-0.091699
-0.045991
-0.0036543
0.035303
0.070873
0.10306
0.064163
0.094143
0.052967
0.012921
-0.02606
-0.064019
-0.10098
-0.13695
-0.17193
-0.20601
-0.17156
-0.14076
-0.18109
-0.22014
-0.25785
-0.29416
-0.32903
-0.36239
-0.3942
-0.4244
-0.45298
-0.48523
-0.52602
-0.57462
-0.56277
-0.62961
-0.70204
-0.77946
-0.86129
-0.87919
-0.97257
-1.0686
-1.1669
-1.2668
-1.3678
-1.4695
-1.5715
-1.6735
-1.7751
-1.876
-1.9759
-2.0743
-2.1711
-2.2659
-2.3583
-2.4481
-2.535
-2.6186
-2.6988
-2.8332
-2.9017
-2.966
-3.0259
-3.0813
-3.1321
-3.1782
-3.2775
-3.3679
-3.4497
-3.4649
-3.4757
-3.4822
-3.4844
-3.4825
-3.4766
-3.4669
-3.4536
-3.4368
-3.4169
-3.3939
-3.3683
-3.3402
-3.3098
-3.2775
-3.1757
-3.077
-2.9816
-2.9573
-2.8644
-2.843
-2.8209
-2.7985
-2.776
-2.7536
-2.7317
-2.6426
-2.6266
-2.5438
-2.5342
-2.458
-2.4551
-2.4533
-2.4527
-2.4534
-2.4555
-2.4591
-2.464
-2.4702
-2.4778
-2.4867
-2.4969
-2.5083
-2.521
-2.5351
-2.5505
-2.567
-2.5848
-2.6036
-2.6234
-2.6443
-2.6663
-2.6893
-2.7131
-2.7377
-2.7626
-2.7881
-2.8141
-2.8405
-2.8672
-2.8941
-2.9209
-2.9476
-2.9744
-3.0011
-3.0276
-3.0539
-3.08
-3.1637
-3.1851
-3.2061
-3.2846
-3.3006
-3.316
-3.331
-3.3454
-3.3593
-3.3727
-3.3857
-3.3983
-3.4104
-3.4221
-3.4333
-3.4439
-3.454
-3.4634
-3.4724
-3.4808
-3.4886
-3.4958
-3.5024
-3.5084
-3.5139
-3.5191
-3.5238
-3.5283
-3.5323
-3.536
-3.5393
-3.5422
-3.545
-3.5475
-3.55
-3.5523
-3.5546
-3.5569
-3.5592
-3.5615
-3.5636
-3.5657
-3.5677
-3.5698
-3.5719
-3.574
-3.5763
-3.5788
-3.5815
-3.5847
-3.5884
-3.5925
-3.5969
-3.6015
-3.6064
-3.6115
-3.6168
-3.6223
-3.6278
-3.6334
-3.6391
-3.6448
-3.6507
-3.6567
-3.6627
-3.6689
-3.6752
-3.6816
-3.6882
-3.6948
-3.7016
-3.7085
-3.7155
-3.7225
-3.7296
-3.7366
-3.7436
-3.7506
-3.7576
-3.7644
-3.7712
-3.7781
-3.7851
-3.7921
-3.7992
-3.8064
-3.8136
-3.8208
-3.8281
-3.8354
-3.8427
-3.85
-3.8574
-3.8647
-3.8043
-3.8162
-3.828
-3.772
-3.788
-3.8038
-3.7517
-3.7038
-3.6601
-3.6205
-3.5847
-3.5525
-3.5237
-3.4981
-3.4755
-3.4558
-3.4389
-3.4246
-3.4129
-3.4035
-3.3963
-3.3912
-3.3882
-3.3869
-3.3873
-3.3894
-3.3928
-3.3973
-3.4029
-3.4095
-3.4169
-3.4249
-3.4335
-3.4425
-3.3938
-3.3491
-3.3665
-3.3837
-3.3426
-3.363
-3.3828
-3.4021
-3.4208
-3.381
-3.4025
-3.3651
-3.3888
-3.4116
-3.4333
-3.4539
-3.4736
-3.4921
-3.5097
-3.5262
-3.5416
-3.556
-3.5694
-3.5817
-3.593
-3.6034
-3.613
-3.6215
-3.6292
-3.636
-3.6419
-3.6469
-3.6511
-3.6544
-3.6568
-3.6585
-3.6595
-3.7274
-3.7225
-3.717
-3.7787
-3.8355
-3.8199
-3.8044
-3.7889
-3.8412
-3.8214
-3.802
-3.8506
-3.8274
-3.8047
-3.7826
-3.7608
-3.7395
-3.7186
-3.6983
-3.6787
-3.6595
-3.6409
-3.6229
-3.6056
-3.5891
-3.5735
-3.5587
-3.5447
-3.5317
-2.0687
-0.70327
0.56786
1.748
2.8406
3.8488
4.776
5.6255
6.4004
7.1038
7.7389
8.3091
8.8172
9.2664
9.6594
9.9993
10.221
10.4
10.538
10.638
10.703
10.734
10.678
10.599
10.557
10.435
10.298
10.15
9.9333
9.7139
9.4936
9.2166
8.9467
8.6859
8.368
8.0667
7.7831
7.4603
7.1611
6.828
6.5233
6.1891
5.8873
5.5499
5.1907
4.8709
4.5894
4.2872
3.967
3.6893
3.4526
3.1873
2.9639
2.7223
2.5225
2.3041
2.0689
1.8765
1.7243
1.5422
1.4
1.2951
1.1669
1.0749
1.0164
0.93082
0.87761
0.85418
0.80002
0.77459
0.7754
0.80006
0.84624
0.91174
0.92659
0.96088
1.0125
1.0795
1.1599
1.2519
1.3539
1.4645
1.5238
1.5925
1.6691
1.7523
1.8408
1.9334
2.0289
2.1265
2.2251
2.2658
2.3097
2.356
2.4041
2.4534
2.5032
2.5531
2.6025
2.709
2.7523
2.7943
2.8348
2.8737
2.9107
2.9457
3.0365
3.1214
3.2003
3.2733
3.3406
3.4022
3.4585
3.5094
3.5553
3.5963
3.6326
3.6645
3.6924
3.7164
3.7368
3.7539
3.7679
3.779
3.7874
3.7354
3.743
3.6905
3.64
3.5914
3.545
3.5008
3.4589
3.4193
3.3822
3.3474
3.3152
3.2854
3.2583
3.2336
3.2116
3.134
3.1209
3.1102
3.1018
3.0954
3.0911
3.0308
3.0342
3.0395
3.0463
3.0547
3.0645
3.0756
3.0879
3.1013
3.1157
3.1309
3.0888
3.0512
3.0178
2.9886
2.9632
2.9993
3.035
3.0701
3.0464
3.0257
3.0659
3.1048
3.1424
3.1207
3.1595
3.1966
3.2321
3.2661
3.2985
3.3294
3.3588
3.3866
3.4129
3.4378
3.4611
3.4829
3.5032
3.5801
3.5937
3.6061
3.6752
3.7393
3.7986
3.8531
3.9032
3.8909
3.8783
3.8654
3.8523
3.8388
3.8252
3.8115
3.7397
3.7299
3.72
3.7101
3.7
3.6899
3.6799
3.6699
3.6602
3.6507
3.6415
3.6328
3.6246
3.6169
3.6099
3.6036
3.598
3.5932
3.5891
3.5858
3.5833
3.5816
3.5808
3.5809
3.5819
3.5839
3.5867
3.5904
3.595
3.6006
3.607
3.6141
3.622
3.6305
3.6396
3.6492
3.6593
3.6699
3.681
3.6926
3.7046
3.6589
3.6755
3.6922
3.6511
3.6141
3.5809
3.5513
3.5253
3.5024
3.4827
3.4659
3.4518
3.4403
3.4312
3.4242
3.4191
3.4158
3.4141
3.414
3.4152
3.4178
3.4214
3.4258
3.4311
3.4371
3.4439
3.3834
3.3279
3.2771
3.2308
3.1888
3.1506
3.1162
3.0854
3.0578
3.0333
3.0117
2.9929
2.9766
2.9626
2.9508
3.0086
3.0636
3.1159
3.1654
3.2123
3.2566
3.2983
3.3375
3.3743
3.4088
3.441
3.4709
3.4986
3.5241
3.5475
3.5687
3.588
3.6051
3.6265
3.658
3.7568
3.8603
3.968
4.0793
4.1935
4.3103
4.4291
4.5495
4.6709
4.793
4.9153
5.0375
5.1593
5.2802
5.3997
5.5177
5.6338
5.7478
5.8594
5.9682
6.0739
6.1763
6.275
6.3118
6.3481
6.3837
6.4181
6.3832
6.4187
6.3843
6.3519
6.3212
6.2918
6.2633
6.2356
6.2084
6.2493
6.2181
6.1871
6.1563
6.1254
6.0943
6.063
6.0316
6
5.968
5.9358
5.9034
5.871
5.8383
5.8055
5.7725
5.7396
5.7068
5.6742
5.6418
5.6098
5.5202
5.435
5.3541
5.2775
5.205
5.1367
5.0726
5.0125
4.9563
4.9039
4.8553
4.8684
4.8232
4.7817
4.7438
4.7677
4.7914
4.8148
4.8382
4.8615
4.885
4.9086
4.9325
4.9566
4.9809
5.0054
5.0301
5.055
5.08
5.105
5.13
5.1549
5.1796
5.2042
5.2285
5.2524
5.3436
5.4298
5.5111
5.5878
5.6599
5.7274
5.7906
5.8496
5.9044
5.9551
6.0018
6.0448
6.084
6.1197
6.1519
6.1809
6.2066
6.2874
6.3613
6.3707
6.4358
6.4947
6.4898
6.5412
6.5293
6.5741
6.556
6.5371
6.5754
6.6093
6.639
6.6648
6.687
6.7059
6.7215
6.6762
6.6902
6.7017
6.7108
6.7178
6.7228
6.7261
6.7279
6.6702
6.6152
6.563
6.5136
6.467
6.4232
6.3823
6.2764
6.1777
6.086
6.0011
5.923
5.8513
5.786
5.7269
5.6737
5.6264
5.5846
5.5483
5.5171
5.4909
5.4695
5.4527
5.4401
5.4317
5.4947
5.5568
5.6179
5.6102
5.6734
5.7351
5.7274
5.7226
5.7879
5.7833
5.7808
5.7802
5.7812
5.7834
5.7866
5.8584
5.9262
5.9899
6.0496
6.1052
6.1568
6.1369
6.1852
6.162
6.2072
6.2485
6.2862
6.3202
6.3508
6.378
6.4021
6.4232
6.4413
6.4567
6.4694
6.4119
6.3566
6.3712
6.3834
6.3258
6.3383
6.2811
6.2267
6.2426
6.2566
6.2689
6.2794
6.2886
6.2965
6.3034
6.3092
6.3141
6.3183
6.3218
6.3249
6.3273
6.3292
6.3306
6.3315
6.3321
6.3323
6.2647
6.2692
6.2734
6.2774
6.281
6.2843
6.2196
6.2269
6.1661
6.1772
6.1878
6.1302
6.0767
6.0272
5.9814
6.0071
5.964
5.9246
5.8885
5.8558
5.8262
5.7996
5.7759
5.7549
5.7365
5.7206
5.707
5.7633
5.7494
5.7376
5.7955
5.7831
5.7726
5.7638
5.7566
5.7508
5.814
5.806
5.7992
5.8611
5.9195
5.9742
6.0254
6.0729
6.1168
6.1572
6.1943
6.2281
6.2588
6.2865
6.3111
6.3329
6.3521
6.4266
6.4369
6.4448
6.5086
6.5084
6.5063
6.5605
6.609
6.6522
6.6902
6.7234
6.7521
6.7764
6.7968
6.8136
6.7691
6.7253
6.6824
6.6404
6.5995
6.5597
6.5211
6.4838
6.4478
6.4132
6.3801
6.3484
6.3183
6.2897
6.2627
6.2374
6.2137
6.1916
6.1713
6.1527
6.1358
6.1205
6.107
6.095
6.0846
6.0757
6.0006
5.9313
5.8677
5.8095
5.7564
5.7083
5.665
5.6259
5.5909
5.5597
5.5322
5.508
5.487
5.469
5.4538
5.4412
5.431
5.4232
5.4177
5.4142
5.4128
5.413
5.4149
5.4182
5.4227
5.4282
5.4346
5.4418
5.4496
5.4578
5.4662
5.4749
