0
0
0
0
0
0
0
0
0
0
0
0
0
0
0
0
0
0
0
0
0
5.8658e-06
2.3234e-05
5.1766e-05
9.1132e-05
0.00014101
0.00020108
0.00027103
0.00035056
0.00043938
0.0005372
0.00064373
0.0007587
0.00088184
0.0010129
0.0011516
0.0012977
0.0014509
0.001611
0.0017778
0.0019511
0.0021305
0.002316
0.0025073
0.0027041
0.0029063
0.0031136
0.003326
0.0035431
0.0037648
0.003991
0.0042214
0.0044558
0.0046942
0.0049363
0.005182
0.005431
0.0056834
0.0059389
0.0061973
0.0064586
0.0067225
0.0069891
0.007258
0.0075293
0.0078027
0.0080781
0.0083555
0.0086347
0.0089157
0.0091982
0.0094822
0.0097675
0.010054
0.010342
0.010631
0.010921
0.011212
0.011503
0.011796
0.012089
0.012382
0.012676
0.012971
0.013266
0.013561
0.013856
0.014151
0.014447
0.014742
0.015037
0.015332
0.015627
0.015922
0.016217
0.016511
0.016804
0.017097
0.01739
0.017682
0.017974
0.018264
0.018555
0.018844
0.019133
0.01942
0.019707
0.019993
0.020278
0.020563
0.020846
0.021128
0.021409
0.021689
0.021968
0.022245
0.022522
0.022797
0.023071
0.023344
0.023616
0.023886
0.024155
0.024423
0.024689
0.024954
0.025218
0.02548
0.025741
0.026
0.026258
0.026514
0.026769
0.027023
0.027275
0.027526
0.027775
0.028022
0.028268
0.028512
0.028755
0.028997
0.029236
0.029475
0.029711
0.029946
0.03018
0.030412
0.030642
0.030871
0.031098
0.031323
0.031547
0.03177
0.03199
0.032209
0.032427
0.032643
0.032857
0.03307
0.033281
0.03349
0.033698
0.033905
0.034109
0.034313
0.034514
0.034714
0.034912
0.035109
0.035304
0.035498
0.03569
0.035881
0.03607
0.036257
0.036443
0.036627
0.03681
0.036991
0.037171
0.037349
0.037526
0.037701
0.037875
0.038047
0.038218
0.038387
0.038555
0.038721
0.038886
0.039049
0.039211
0.039372
0.039531
0.039688
0.039844
0.039999
0.040153
0.040305
0.040455
0.040604
0.040752
0.040899
0.041044
0.041188
0.04133
0.041471
0.041611
0.04175
0.041887
0.042023
0.042158
0.042291
0.042423
0.042554
0.042683
0.042812
0.042939
0.043065
0.043189
0.043313
0.043435
0.043556
0.043676
0.043795
0.043912
0.044029
0.044144
0.044258
0.044371
0.044483
0.044593
0.044703
0.044812
0.044919
0.045025
0.045131
0.045235
0.045338
0.04544
0.045541
0.045641
0.04574
0.045838
0.045935
0.046032
0.046127
0.046221
0.046314
0.046406
0.046497
0.046587
0.046677
0.046765
0.046853
0.046939
0.047025
0.04711
0.047193
0.047276
0.047358
0.04744
0.04752
0.0476
0.047678
0.047756
0.047833
0.04791
0.047985
0.04806
0.048133
0.048206
0.048279
0.04835
0.048421
0.048491
0.04856
0.048628
0.048696
0.048763
0.048829
0.048895
0.04896
0.049024
0.049087
0.04915
0.049212
0.049273
0.049334
0.049394
0.049453
0.049512
0.04957
0.049627
0.049684
0.04974
0.049796
0.049851
0.049905
0.049959
0.050012
0.050064
0.050116
0.050168
0.050219
0.050269
0.050318
0.050368
0.050416
0.050464
0.050512
0.050559
0.050605
0.050651
0.050696
0.050741
0.050786
0.050829
0.050873
0.050916
0.050958
0.051
0.051041
0.051082
0.051123
0.051163
0.051202
0.051241
0.05128
0.051318
0.051356
0.051394
0.05143
0.051467
0.051503
0.051539
0.051574
0.051609
0.051643
0.051677
0.051711
0.051744
0.051777
0.05181
0.051842
0.051874
0.051905
0.051936
0.051967
