0
0
0
0
0
0
0
0
0
0
0
0
0
0
0
0
0
0
0
8.7208e-05
0.0003426
0.00075709
0.001322
0.0020289
0.0028699
0.0038372
0.0049235
0.0061217
0.0074251
0.0088271
0.010322
0.011902
0.013564
0.015301
0.017108
0.01898
0.020913
0.022901
0.024941
0.027028
0.029158
0.031327
0.033533
0.03577
0.038037
0.040329
0.042644
0.04498
0.047332
0.049699
0.052079
0.054468
0.056865
0.059267
0.061673
0.06408
0.066487
0.068893
0.071294
0.073691
0.076081
0.078463
0.080837
0.083199
0.08555
0.087889
0.090214
0.092524
0.094819
0.097098
0.09936
0.1016
0.10383
0.10604
0.10822
0.11039
0.11254
0.11466
0.11676
0.11885
0.12091
0.12294
0.12496
0.12695
0.12892
0.13086
0.13278
0.13468
0.13656
0.13841
0.14023
0.14204
0.14381
0.14557
0.1473
0.14901
0.15069
0.15235
0.15398
0.15559
0.15718
0.15875
0.16029
0.1618
0.1633
0.16477
0.16622
0.16765
0.16905
0.17043
0.17179
0.17313
0.17445
0.17574
0.17701
0.17827
0.1795
0.18071
0.1819
0.18307
0.18422
0.18535
0.18646
0.18756
0.18863
0.18969
0.19072
0.19174
0.19274
0.19372
0.19469
0.19563
0.19656
0.19748
0.19837
0.19925
0.20012
0.20096
0.2018
0.20261
0.20342
0.2042
0.20498
0.20573
0.20648
0.20721
0.20792
0.20862
0.20931
0.20999
0.21065
0.2113
0.21193
0.21256
0.21317
0.21377
0.21436
0.21494
0.2155
0.21606
0.2166
0.21714
0.21766
0.21817
0.21867
0.21916
0.21965
0.22012
0.22058
0.22104
0.22148
0.22192
0.22234
0.22276
0.22317
0.22357
0.22396
0.22435
0.22472
0.22509
0.22546
0.22581
0.22616
0.2265
0.22683
0.22715
0.22747
0.22779
0.22809
0.22839
0.22868
0.22897
0.22925
0.22953
0.2298
0.23006
0.23032
0.23057
0.23082
0.23106
0.2313
0.23153
0.23175
0.23198
0.23219
0.23241
0.23261
0.23282
0.23302
0.23321
0.2334
0.23359
0.23377
0.23395
0.23413
0.2343
0.23446
0.23463
0.23479
0.23494
0.2351
0.23525
0.23539
0.23554
0.23568
0.23582
0.23595
0.23608
0.23621
0.23633
0.23646
0.23658
0.2367
0.23681
0.23692
0.23703
0.23714
0.23724
0.23735
0.23745
0.23755
0.23764
0.23774
0.23783
0.23792
0.23801
0.23809
0.23818
0.23826
0.23834
0.23842
0.23849
0.23857
0.23864
0.23871
0.23878
0.23885
0.23892
0.23898
0.23905
0.23911
0.23917
0.23923
0.23929
0.23935
0.2394
0.23946
0.23951
0.23956
0.23961
0.23966
0.23971
0.23976
0.2398
0.23985
0.23989
0.23994
0.23998
0.24002
0.24006
0.2401
0.24014
0.24018
0.24021
0.24025
0.24029
0.24032
0.24035
0.24039
0.24042
0.24045
0.24048
0.24051
0.24054
0.24057
0.2406
0.24062
0.24065
0.24068
0.2407
0.24073
0.24075
0.24077
0.2408
0.24082
0.24084
0.24086
0.24088
0.2409
0.24092
0.24094
0.24096
0.24098
0.241
0.24102
0.24104
0.24105
0.24107
0.24109
0.2411
0.24112
0.24113
0.24115
0.24116
0.24118
0.24119
0.2412
0.24122
0.24123
0.24124
0.24125
0.24127
0.24128
0.24129
0.2413
0.24131
0.24132
0.24133
0.24134
0.24135
0.24136
0.24137
0.24138
0.24139
0.2414
0.24141
0.24142
0.24142
0.24143
0.24144
