1 1.5
2 1.5
3 1.5
4 1.5
5 1.5
6 1.5
7 1.5
8 1.5
9 1.5
10 1.5
11 1.5
12 1.5
13 1.5
14 1.5
15 1.5
16 1.5
17 1.5
18 1.5
19 1.5
20 1.5
21 1.6
22 1.7
23 1.8
24 1.9
25 2
26 2
27 2
28 2
29 2
30 2
31 2
32 2
33 2
34 2
35 2
36 2
37 2
38 2
39 2
40 2
41 2
42 2
43 2
44 2
45 2
46 2
47 2
48 2
49 2
50 2
51 2
52 1.9979
53 1.9912
54 1.9817
55 1.9704
56 1.9582
57 1.946
58 1.9342
59 1.923
60 1.9128
61 1.9038
62 1.8958
63 1.8891
64 1.8834
65 1.8789
66 1.8753
67 1.8727
68 1.8708
69 1.8696
70 1.8691
71 1.869
72 1.8693
73 1.87
74 1.8709
75 1.872
76 1.8733
77 1.8746
78 1.876
79 1.8773
80 1.8787
81 1.88
82 1.8812
83 1.8823
84 1.8834
85 1.8844
86 1.8853
87 1.886
88 1.8867
89 1.8874
90 1.8879
91 1.8883
92 1.8887
93 1.889
94 1.8893
95 1.8895
96 1.8896
97 1.8897
98 1.8898
99 1.8899
100 1.8899
101 1.8899
102 1.8899
103 1.8899
104 1.8898
105 1.8898
106 1.8898
107 1.8897
108 1.8897
109 1.8896
110 1.8896
111 1.8895
112 1.8895
113 1.8895
114 1.8894
115 1.8895
116 1.8895
117 1.8896
118 1.8897
119 1.8898
120 1.89
121 1.8902
122 1.8904
123 1.8906
124 1.8908
125 1.891
126 1.8912
127 1.8914
128 1.8916
129 1.8918
130 1.892
131 1.8922
132 1.8923
133 1.8924
134 1.8925
135 1.8926
136 1.8927
137 1.8927
138 1.8927
139 1.8927
140 1.8927
141 1.8927
142 1.8927
143 1.8926
144 1.8924
145 1.8921
146 1.8918
147 1.8914
148 1.891
149 1.8907
150 1.8903
151 1.8899
152 1.8896
153 1.8893
154 1.889
155 1.8888
156 1.8886
157 1.8885
158 1.8883
159 1.8882
160 1.8881
161 1.888
162 1.888
163 1.888
164 1.8879
165 1.8879
166 1.8879
167 1.8879
168 1.8879
169 1.888
170 1.888
171 1.888
172 1.888
173 1.8881
174 1.8881
175 1.8881
176 1.8882
177 1.8883
178 1.8883
179 1.8884
180 1.8885
181 1.8886
182 1.8887
183 1.8887
184 1.8888
185 1.8889
186 1.889
187 1.8891
188 1.8892
189 1.8892
190 1.8893
191 1.8894
192 1.8894
193 1.8894
194 1.8895
195 1.8895
196 1.8895
197 1.8895
198 1.8895
199 1.8895
200 1.8895
201 1.8895
202 1.8895
203 1.8895
204 1.8894
205 1.8894
206 1.8894
207 1.8894
208 1.8894
209 1.8893
210 1.8893
211 1.8893
212 1.8893
213 1.8893
214 1.8893
215 1.8893
216 1.8892
217 1.8892
218 1.8892
219 1.8892
220 1.8892
221 1.8892
222 1.8892
223 1.8892
224 1.8892
225 1.8892
226 1.8892
227 1.8892
228 1.8892
229 1.8892
230 1.8892
231 1.8892
232 1.8892
233 1.8892
234 1.8892
235 1.8892
236 1.8892
237 1.8892
238 1.8892
239 1.8892
240 1.8892
241 1.8892
242 1.8892
243 1.8892
244 1.8892
245 1.8892
246 1.8892
247 1.8892
248 1.8892
249 1.8892
250 1.8892
251 1.8892
252 1.8892
253 1.8892
254 1.8892
255 1.8892
256 1.8892
257 1.8892
258 1.8892
259 1.8892
260 1.8892
261 1.8892
262 1.8892
263 1.8892
264 1.8892
265 1.8892
266 1.8892
267 1.8892
268 1.8892
269 1.8892
270 1.8892
271 1.8892
272 1.8892
273 1.8892
274 1.8892
275 1.8892
276 1.8892
277 1.8892
278 1.8892
279 1.8892
280 1.8892
281 1.8892
282 1.8892
283 1.8892
284 1.8892
285 1.8892
286 1.8892
287 1.8892
288 1.8892
289 1.8892
290 1.8892
291 1.8892
292 1.8892
293 1.8892
294 1.8892
295 1.8892
296 1.8892
297 1.8892
298 1.8892
299 1.8892
300 1.8892
301 1.8892
302 1.8892
303 1.8892
304 1.8892
305 1.8892
306 1.8892
307 1.8892
308 1.8892
309 1.8892
310 1.8892
311 1.8892
312 1.8892
313 1.8892
314 1.8892
315 1.8892
316 1.8892
317 1.8892
318 1.8892
319 1.8892
320 1.8892
321 1.8892
322 1.8892
323 1.8892
324 1.8892
325 1.8892
326 1.8892
327 1.8892
328 1.8892
329 1.8892
330 1.8892
331 1.8892
332 1.8892
333 1.8892
334 1.8892
335 1.8892
336 1.8892
337 1.8892
338 1.8892
339 1.8892
340 1.8892
341 1.8892
342 1.8892
343 1.8892
344 1.8892
345 1.8892
346 1.8892
347 1.8892
348 1.8892
349 1.8892
350 1.8892
351 1.8892
352 1.8892
353 1.8892
354 1.8892
355 1.8892
356 1.8892
357 1.8892
358 1.8892
359 1.8892
360 1.8892
361 1.8892
362 1.8892
363 1.8892
364 1.8892
365 1.8892
366 1.8892
367 1.8892
368 1.8892
369 1.8892
370 1.8892
371 1.8892
372 1.8892
373 1.8892
374 1.8892
375 1.8892
376 1.8892
377 1.8892
378 1.8892
379 1.8892
380 1.8892
381 1.8892
382 1.8892
383 1.8892
384 1.8892
385 1.8892
386 1.8892
387 1.8892
388 1.8892
389 1.8892
390 1.8892
391 1.8892
392 1.8892
393 1.8892
394 1.8892
395 1.8892
396 1.8892
397 1.8892
398 1.8892
399 1.8892
400 1.8892
401 1.8892
402 1.8892
403 1.8892
404 1.8892
405 1.8892
406 1.8892
407 1.8892
408 1.8892
409 1.8892
410 1.8892
411 1.8892
412 1.8892
413 1.8892
414 1.8892
415 1.8892
416 1.8892
417 1.8892
418 1.8892
419 1.8892
420 1.8892
421 1.8892
422 1.8892
423 1.8892
424 1.8892
425 1.8892
426 1.8892
427 1.8892
428 1.8892
429 1.8892
430 1.8892
431 1.8892
432 1.8892
433 1.8892
434 1.8892
435 1.8892
436 1.8892
437 1.8892
438 1.8892
439 1.8892
440 1.8892
441 1.8892
442 1.8892
443 1.8892
444 1.8892
445 1.8892
446 1.8892
447 1.8892
448 1.8892
449 1.8892
450 1.8892
451 1.8892
452 1.8892
453 1.8892
454 1.8892
455 1.8892
456 1.8892
457 1.8892
458 1.8892
459 1.8892
460 1.8892
461 1.8892
462 1.8892
463 1.8892
464 1.8892
465 1.8892
466 1.8892
467 1.8892
468 1.8892
469 1.8892
470 1.8892
471 1.8892
472 1.8892
473 1.8892
474 1.8892
475 1.8892
476 1.8892
477 1.8892
478 1.8892
479 1.8892
480 1.8892
481 1.8892
482 1.8892
483 1.8892
484 1.8892
485 1.8892
486 1.8892
487 1.8892
488 1.8892
489 1.8892
490 1.8892
491 1.8892
492 1.8892
493 1.8892
494 1.8892
495 1.8892
496 1.8892
497 1.8892
498 1.8892
499 1.8892
500 1.8892
501 1.8892
502 1.8892
503 1.8892
504 1.8892
505 1.8892
506 1.8892
507 1.8892
508 1.8892
509 1.8892
510 1.8892
511 1.8892
512 1.8892
513 1.8892
514 1.8892
515 1.8892
516 1.8892
517 1.8892
518 1.8892
519 1.8892
520 1.8892
521 1.8892
522 1.8892
523 1.8892
524 1.8892
525 1.8892
526 1.8892
527 1.8892
528 1.8892
529 1.8892
530 1.8892
531 1.8892
532 1.8892
533 1.8892
534 1.8892
535 1.8892
536 1.8892
537 1.8892
538 1.8892
539 1.8892
540 1.8892
541 1.8892
542 1.8892
543 1.8892
544 1.8892
545 1.8892
546 1.8892
547 1.8892
548 1.8892
549 1.8892
550 1.8892
551 1.8892
552 1.8892
553 1.8892
554 1.8892
555 1.8892
556 1.8892
557 1.8892
558 1.8892
559 1.8892
560 1.8892
561 1.8892
562 1.8892
563 1.8892
564 1.8892
565 1.8892
566 1.8892
567 1.8892
568 1.8892
569 1.8892
570 1.8892
571 1.8892
572 1.8892
573 1.8892
574 1.8892
575 1.8892
576 1.8892
577 1.8892
578 1.8892
579 1.8892
580 1.8892
581 1.8892
582 1.8892
583 1.8892
584 1.8892
585 1.8892
586 1.8892
587 1.8892
588 1.8892
589 1.8892
590 1.8892
591 1.8892
592 1.8892
593 1.8892
594 1.8892
595 1.8892
596 1.8892
597 1.8892
598 1.8892
599 1.8892
600 1.8892
601 1.8892
602 1.8892
603 1.8892
604 1.8892
605 1.8892
606 1.8892
607 1.8892
608 1.8892
609 1.8892
610 1.8892
611 1.8892
612 1.8892
613 1.8892
614 1.8892
615 1.8892
616 1.8892
617 1.8892
618 1.8892
619 1.8892
620 1.8892
621 1.8892
622 1.8892
623 1.8892
624 1.8892
625 1.8892
626 1.8892
627 1.8892
628 1.8892
629 1.8892
630 1.8892
631 1.8892
632 1.8892
633 1.8892
634 1.8892
635 1.8892
636 1.8892
637 1.8892
638 1.8892
639 1.8892
640 1.8892
641 1.8892
642 1.8892
643 1.8892
644 1.8892
645 1.8892
646 1.8892
647 1.8892
648 1.8892
649 1.8892
650 1.8892
651 1.8892
652 1.8892
653 1.8892
654 1.8892
655 1.8892
656 1.8892
657 1.8892
658 1.8892
659 1.8892
660 1.8892
661 1.8892
662 1.8892
663 1.8892
664 1.8892
665 1.8892
666 1.8892
667 1.8892
668 1.8892
669 1.8892
670 1.8892
671 1.8892
672 1.8892
673 1.8892
674 1.8892
675 1.8892
676 1.8892
677 1.8892
678 1.8892
679 1.8892
680 1.8892
681 1.8892
682 1.8892
683 1.8892
684 1.8892
685 1.8892
686 1.8892
687 1.8892
688 1.8892
689 1.8892
690 1.8892
691 1.8892
692 1.8892
693 1.8892
694 1.8892
695 1.8892
696 1.8892
697 1.8892
698 1.8892
699 1.8892
700 1.8892
701 1.8892
702 1.8892
703 1.8892
704 1.8892
705 1.8892
706 1.8892
707 1.8892
708 1.8892
709 1.8892
710 1.8892
711 1.8892
712 1.8892
713 1.8892
714 1.8892
715 1.8892
716 1.8892
717 1.8892
718 1.8892
719 1.8892
720 1.8892
721 1.8892
722 1.8892
723 1.8892
724 1.8892
725 1.8892
726 1.8892
727 1.8892
728 1.8892
729 1.8892
730 1.8892
731 1.8892
732 1.8892
733 1.8892
734 1.8892
735 1.8892
736 1.8892
737 1.8892
738 1.8892
739 1.8892
740 1.8892
741 1.8892
742 1.8892
743 1.8892
744 1.8892
745 1.8892
746 1.8892
747 1.8892
748 1.8892
749 1.8892
750 1.8892
751 1.8892
752 1.8892
753 1.8892
754 1.8892
755 1.8892
756 1.8892
757 1.8892
758 1.8892
759 1.8892
760 1.8892
761 1.8892
762 1.8892
763 1.8892
764 1.8892
765 1.8892
766 1.8892
767 1.8892
768 1.8892
769 1.8892
770 1.8892
771 1.8892
772 1.8892
773 1.8892
774 1.8892
775 1.8892
776 1.8892
777 1.8892
778 1.8892
779 1.8892
780 1.8892
781 1.8892
782 1.8892
783 1.8892
784 1.8892
785 1.8892
786 1.8892
787 1.8892
788 1.8892
789 1.8892
790 1.8892
791 1.8892
792 1.8892
793 1.8892
794 1.8892
795 1.8892
796 1.8892
797 1.8892
798 1.8892
799 1.8892
800 1.8892
801 1.8892
802 1.8892
803 1.8892
804 1.8892
805 1.8892
806 1.8892
807 1.8892
808 1.8892
809 1.8892
810 1.8892
811 1.8892
812 1.8892
813 1.8892
814 1.8892
815 1.8892
816 1.8892
817 1.8892
818 1.8892
819 1.8892
820 1.8892
821 1.8892
822 1.8892
823 1.8892
824 1.8892
825 1.8892
826 1.8892
827 1.8892
828 1.8892
829 1.8892
830 1.8892
831 1.8892
832 1.8892
833 1.8892
834 1.8892
835 1.8892
836 1.8892
837 1.8892
838 1.8892
839 1.8892
840 1.8892
841 1.8892
842 1.8892
843 1.8892
844 1.8892
845 1.8892
846 1.8892
847 1.8892
848 1.8892
849 1.8892
850 1.8892
851 1.8892
852 1.8892
853 1.8892
854 1.8892
855 1.8892
856 1.8892
857 1.8892
858 1.8892
859 1.8892
860 1.8892
861 1.8892
862 1.8892
863 1.8892
864 1.8892
865 1.8892
866 1.8892
867 1.8892
868 1.8892
869 1.8892
870 1.8892
871 1.8892
872 1.8892
873 1.8892
874 1.8892
875 1.8892
876 1.8892
877 1.8892
878 1.8892
879 1.8892
880 1.8892
881 1.8892
882 1.8892
883 1.8892
884 1.8892
885 1.8892
886 1.8892
887 1.8892
888 1.8892
889 1.8892
890 1.8892
891 1.8892
892 1.8892
893 1.8892
894 1.8892
895 1.8892
896 1.8892
897 1.8892
898 1.8892
899 1.8892
900 1.8892
901 1.8892
902 1.8892
903 1.8892
904 1.8892
905 1.8892
906 1.8892
907 1.8892
908 1.8892
909 1.8892
910 1.8892
911 1.8892
912 1.8892
913 1.8892
914 1.8892
915 1.8892
916 1.8892
917 1.8892
918 1.8892
919 1.8892
920 1.8892
921 1.8892
922 1.8892
923 1.8892
924 1.8892
925 1.8892
926 1.8892
927 1.8892
928 1.8892
929 1.8892
930 1.8892
931 1.8892
932 1.8892
933 1.8892
934 1.8892
935 1.8892
936 1.8892
937 1.8892
938 1.8892
939 1.8892
940 1.8892
941 1.8892
942 1.8892
943 1.8892
944 1.8892
945 1.8892
946 1.8892
947 1.8892
948 1.8892
949 1.8892
950 1.8892
951 1.8892
952 1.8892
953 1.8892
954 1.8892
955 1.8892
956 1.8892
957 1.8892
958 1.8892
959 1.8892
960 1.8892
961 1.8892
962 1.8892
963 1.8892
964 1.8892
965 1.8892
966 1.8892
967 1.8892
968 1.8892
969 1.8892
970 1.8892
971 1.8892
972 1.8892
973 1.8892
974 1.8892
975 1.8892
976 1.8892
977 1.8892
978 1.8892
979 1.8892
980 1.8892
981 1.8892
982 1.8892
983 1.8892
984 1.8892
985 1.8892
986 1.8892
987 1.8892
988 1.8892
989 1.8892
990 1.8892
991 1.8892
992 1.8892
993 1.8892
994 1.8892
995 1.8892
996 1.8892
997 1.8892
998 1.8892
999 1.8892
1000 1.8892
1001 1.7892
1002 1.6892
1003 1.6201
1004 1.5754
1005 1.5497
1006 1.5385
1007 1.5383
1008 1.546
1009 1.5593
1010 1.5762
1011 1.5953
1012 1.6155
1013 1.6357
1014 1.6553
1015 1.674
1016 1.6912
1017 1.707
1018 1.721
1019 1.7333
1020 1.7439
1021 1.7529
1022 1.7604
1023 1.7665
1024 1.7712
1025 1.7749
1026 1.7775
1027 1.7793
1028 1.7803
1029 1.7807
1030 1.7806
1031 1.7801
1032 1.7792
1033 1.7781
1034 1.7768
1035 1.7755
1036 1.774
1037 1.7726
1038 1.7711
1039 1.7697
1040 1.7684
1041 1.7671
1042 1.766
1043 1.7649
1044 1.7639
1045 1.763
1046 1.7623
1047 1.7616
1048 1.761
1049 1.7605
1050 1.7601
1051 1.7597
1052 1.7595
1053 1.7592
1054 1.7591
1055 1.7589
1056 1.7588
1057 1.7588
1058 1.7587
1059 1.7587
1060 1.7587
1061 1.7588
1062 1.7588
1063 1.7588
1064 1.7589
1065 1.7589
1066 1.759
1067 1.759
1068 1.7591
1069 1.7591
1070 1.7592
1071 1.7592
1072 1.7593
1073 1.7593
1074 1.7593
1075 1.7594
1076 1.7594
1077 1.7594
1078 1.7594
1079 1.7595
1080 1.7595
1081 1.7595
1082 1.7595
1083 1.7595
1084 1.7595
1085 1.7595
1086 1.7595
1087 1.7595
1088 1.7595
1089 1.7595
1090 1.7595
1091 1.7595
1092 1.7595
1093 1.7595
1094 1.7595
1095 1.7594
1096 1.7594
1097 1.7593
1098 1.7592
1099 1.7591
1100 1.7589
1101 1.7588
1102 1.7586
1103 1.7585
1104 1.7583
1105 1.7582
1106 1.7581
1107 1.758
1108 1.7579
1109 1.7578
1110 1.7577
1111 1.7577
1112 1.7577
1113 1.7577
1114 1.7577
1115 1.7577
1116 1.7578
1117 1.7579
1118 1.7579
1119 1.758
1120 1.7581
1121 1.7582
1122 1.7583
1123 1.7585
1124 1.7587
1125 1.759
1126 1.7593
1127 1.7596
1128 1.7599
1129 1.7602
1130 1.7604
1131 1.7607
1132 1.7608
1133 1.761
1134 1.761
1135 1.7611
1136 1.7611
1137 1.7611
1138 1.761
1139 1.7609
1140 1.7608
1141 1.7606
1142 1.7605
1143 1.7604
1144 1.7602
1145 1.7601
1146 1.7599
1147 1.7598
1148 1.7597
1149 1.7596
1150 1.7595
1151 1.7594
1152 1.7593
1153 1.7593
1154 1.7592
1155 1.7592
1156 1.7592
1157 1.7592
1158 1.7592
1159 1.7592
1160 1.7592
1161 1.7592
1162 1.7592
1163 1.7592
1164 1.7592
1165 1.7593
1166 1.7593
1167 1.7593
1168 1.7593
1169 1.7593
1170 1.7594
1171 1.7594
1172 1.7594
1173 1.7594
1174 1.7594
1175 1.7595
1176 1.7595
1177 1.7595
1178 1.7595
1179 1.7595
1180 1.7595
1181 1.7595
1182 1.7595
1183 1.7595
1184 1.7595
1185 1.7595
1186 1.7595
1187 1.7595
1188 1.7595
1189 1.7595
1190 1.7595
1191 1.7595
1192 1.7595
1193 1.7595
1194 1.7595
1195 1.7595
1196 1.7595
1197 1.7595
1198 1.7595
1199 1.7595
1200 1.7595
1201 1.7595
1202 1.7595
1203 1.7595
1204 1.7595
1205 1.7595
1206 1.7595
1207 1.7595
1208 1.7595
1209 1.7595
1210 1.7595
1211 1.7595
1212 1.7595
1213 1.7595
1214 1.7595
1215 1.7595
1216 1.7595
1217 1.7595
1218 1.7595
1219 1.7595
1220 1.7595
1221 1.7595
1222 1.7595
1223 1.7595
1224 1.7595
1225 1.7595
1226 1.7595
1227 1.7595
1228 1.7595
1229 1.7595
1230 1.7595
1231 1.7595
1232 1.7595
1233 1.7595
1234 1.7595
1235 1.7595
1236 1.7595
1237 1.7595
1238 1.7595
1239 1.7595
1240 1.7595
1241 1.7595
1242 1.7595
1243 1.7595
1244 1.7595
1245 1.7595
1246 1.7595
1247 1.7595
1248 1.7595
1249 1.7595
1250 1.7595
1251 1.7595
1252 1.7595
1253 1.7595
1254 1.7595
1255 1.7595
1256 1.7595
1257 1.7595
1258 1.7595
1259 1.7595
1260 1.7595
1261 1.7595
1262 1.7595
1263 1.7595
1264 1.7595
1265 1.7595
1266 1.7595
1267 1.7595
1268 1.7595
1269 1.7595
1270 1.7595
1271 1.7595
1272 1.7595
1273 1.7595
1274 1.7595
1275 1.7595
1276 1.7595
1277 1.7595
1278 1.7595
1279 1.7595
1280 1.7595
1281 1.7595
1282 1.7595
1283 1.7595
1284 1.7595
1285 1.7595
1286 1.7595
1287 1.7595
1288 1.7595
1289 1.7595
1290 1.7595
1291 1.7595
1292 1.7595
1293 1.7595
1294 1.7595
1295 1.7595
1296 1.7595
1297 1.7595
1298 1.7595
1299 1.7595
1300 1.7595
1301 1.7595
1302 1.7595
1303 1.7595
1304 1.7595
1305 1.7595
1306 1.7595
1307 1.7595
1308 1.7595
1309 1.7595
1310 1.7595
1311 1.7595
1312 1.7595
1313 1.7595
1314 1.7595
1315 1.7595
1316 1.7595
1317 1.7595
1318 1.7595
1319 1.7595
1320 1.7595
1321 1.7595
1322 1.7595
1323 1.7595
1324 1.7595
1325 1.7595
1326 1.7595
1327 1.7595
1328 1.7595
1329 1.7595
1330 1.7595
1331 1.7595
1332 1.7595
1333 1.7595
1334 1.7595
1335 1.7595
1336 1.7595
1337 1.7595
1338 1.7595
1339 1.7595
1340 1.7595
1341 1.7595
1342 1.7595
1343 1.7595
1344 1.7595
1345 1.7595
1346 1.7595
1347 1.7595
1348 1.7595
1349 1.7595
1350 1.7595
1351 1.7595
1352 1.7595
1353 1.7595
1354 1.7595
1355 1.7595
1356 1.7595
1357 1.7595
1358 1.7595
1359 1.7595
1360 1.7595
1361 1.7595
1362 1.7595
1363 1.7595
1364 1.7595
1365 1.7595
1366 1.7595
1367 1.7595
1368 1.7595
1369 1.7595
1370 1.7595
1371 1.7595
1372 1.7595
1373 1.7595
1374 1.7595
1375 1.7595
1376 1.7595
1377 1.7595
1378 1.7595
1379 1.7595
1380 1.7595
1381 1.7595
1382 1.7595
1383 1.7595
1384 1.7595
1385 1.7595
1386 1.7595
1387 1.7595
1388 1.7595
1389 1.7595
1390 1.7595
1391 1.7595
1392 1.7595
1393 1.7595
1394 1.7595
1395 1.7595
1396 1.7595
1397 1.7595
1398 1.7595
1399 1.7595
1400 1.7595
1401 1.7595
1402 1.7595
1403 1.7595
1404 1.7595
1405 1.7595
1406 1.7595
1407 1.7595
1408 1.7595
1409 1.7595
1410 1.7595
1411 1.7595
1412 1.7595
1413 1.7595
1414 1.7595
1415 1.7595
1416 1.7595
1417 1.7595
1418 1.7595
1419 1.7595
1420 1.7595
1421 1.7595
1422 1.7595
1423 1.7595
1424 1.7595
1425 1.7595
1426 1.7595
1427 1.7595
1428 1.7595
1429 1.7595
1430 1.7595
1431 1.7595
1432 1.7595
1433 1.7595
1434 1.7595
1435 1.7595
1436 1.7595
1437 1.7595
1438 1.7595
1439 1.7595
1440 1.7595
1441 1.7595
1442 1.7595
1443 1.7595
1444 1.7595
1445 1.7595
1446 1.7595
1447 1.7595
1448 1.7595
1449 1.7595
1450 1.7595
1451 1.7595
1452 1.7595
1453 1.7595
1454 1.7595
1455 1.7595
1456 1.7595
1457 1.7595
1458 1.7595
1459 1.7595
1460 1.7595
1461 1.7595
1462 1.7595
1463 1.7595
1464 1.7595
1465 1.7595
1466 1.7595
1467 1.7595
1468 1.7595
1469 1.7595
1470 1.7595
1471 1.7595
1472 1.7595
1473 1.7595
1474 1.7595
1475 1.7595
1476 1.7595
1477 1.7595
1478 1.7595
1479 1.7595
1480 1.7595
1481 1.7595
1482 1.7595
1483 1.7595
1484 1.7595
1485 1.7595
1486 1.7595
1487 1.7595
1488 1.7595
1489 1.7595
1490 1.7595
1491 1.7595
1492 1.7595
1493 1.7595
1494 1.7595
1495 1.7595
1496 1.7595
1497 1.7595
1498 1.7595
1499 1.7595
1500 1.7595
1501 1.6595
1502 1.5595
1503 1.4595
1504 1.3595
1505 1.2595
1506 1.1595
1507 1.0595
1508 1
1509 1
1510 1
1511 1
1512 1
1513 1
1514 1
1515 1
1516 1
1517 1
1518 1
1519 1
1520 1
1521 1
1522 1
1523 1
1524 1
1525 1
1526 1
1527 1
1528 1
1529 1
1530 1
1531 1
1532 1
1533 1
1534 1
1535 1
1536 1
1537 1
1538 1
1539 1
1540 1
1541 1
1542 1
1543 1
1544 1
1545 1
1546 1
1547 1
1548 1
1549 1
1550 1
1551 1
1552 1
1553 1
1554 1
1555 1
1556 1
1557 1
1558 1
1559 1.0011
1560 1.0041
1561 1.0084
1562 1.0135
1563 1.0188
1564 1.0242
1565 1.0294
1566 1.0342
1567 1.0386
1568 1.0425
1569 1.0458
1570 1.0486
1571 1.0509
1572 1.0527
1573 1.054
1574 1.055
1575 1.0556
1576 1.056
1577 1.056
1578 1.0559
1579 1.0556
1580 1.0552
1581 1.0546
1582 1.054
1583 1.0534
1584 1.0527
1585 1.052
1586 1.0513
1587 1.0507
1588 1.0501
1589 1.0495
1590 1.0489
1591 1.0484
1592 1.048
1593 1.0476
1594 1.0472
1595 1.0468
1596 1.0465
1597 1.0462
1598 1.0458
1599 1.0455
1600 1.0451
1601 1.0448
1602 1.0444
1603 1.044
1604 1.0437
1605 1.0433
1606 1.0429
1607 1.0426
1608 1.0423
1609 1.042
1610 1.0417
1611 1.0415
1612 1.0412
1613 1.041
1614 1.0409
1615 1.0408
1616 1.0406
1617 1.0406
1618 1.0405
1619 1.0405
1620 1.0405
1621 1.0405
1622 1.0405
1623 1.0407
1624 1.0408
1625 1.0411
1626 1.0415
1627 1.0419
1628 1.0424
1629 1.0429
1630 1.0435
1631 1.044
1632 1.0445
1633 1.045
1634 1.0454
1635 1.0458
1636 1.0461
1637 1.0463
1638 1.0465
1639 1.0467
1640 1.0468
1641 1.0469
1642 1.0469
1643 1.047
1644 1.0469
1645 1.0469
1646 1.0469
1647 1.0468
1648 1.0468
1649 1.0467
1650 1.0466
1651 1.0466
1652 1.0465
1653 1.0464
1654 1.0464
1655 1.0463
1656 1.0463
1657 1.0462
1658 1.0462
1659 1.0461
1660 1.0461
1661 1.0461
1662 1.0461
1663 1.0461
1664 1.0461
1665 1.0461
1666 1.0461
1667 1.0461
1668 1.0461
1669 1.0461
1670 1.0461
1671 1.0462
1672 1.0462
1673 1.0462
1674 1.0462
1675 1.0462
1676 1.0462
1677 1.0462
1678 1.0462
1679 1.0463
1680 1.0463
1681 1.0463
1682 1.0463
1683 1.0463
1684 1.0462
1685 1.0462
1686 1.0462
1687 1.0462
1688 1.0462
1689 1.0461
1690 1.0461
1691 1.0461
1692 1.046
1693 1.046
1694 1.0459
1695 1.0459
1696 1.0459
1697 1.0459
1698 1.0458
1699 1.0458
1700 1.0458
1701 1.0458
1702 1.0458
1703 1.0458
1704 1.0458
1705 1.0458
1706 1.0458
1707 1.0458
1708 1.0458
1709 1.0458
1710 1.0458
1711 1.0458
1712 1.0458
1713 1.0458
1714 1.0458
1715 1.0458
1716 1.0458
1717 1.0458
1718 1.0458
1719 1.0458
1720 1.0459
1721 1.0459
1722 1.0459
1723 1.0459
1724 1.0459
1725 1.0459
1726 1.0459
1727 1.0459
1728 1.0459
1729 1.0459
1730 1.0459
1731 1.0459
1732 1.0459
1733 1.0459
1734 1.0459
1735 1.0459
1736 1.0459
1737 1.0459
1738 1.0459
1739 1.046
1740 1.046
1741 1.046
1742 1.046
1743 1.046
1744 1.046
1745 1.046
1746 1.046
1747 1.046
1748 1.046
1749 1.046
1750 1.046
1751 1.046
1752 1.0459
1753 1.0459
1754 1.0459
1755 1.0459
1756 1.0459
1757 1.0459
1758 1.0459
1759 1.0459
1760 1.0459
1761 1.0459
1762 1.0459
1763 1.0459
1764 1.0459
1765 1.0459
1766 1.0459
1767 1.0459
1768 1.0459
1769 1.0459
1770 1.0459
1771 1.0459
1772 1.0459
1773 1.0459
1774 1.0459
1775 1.0459
1776 1.0459
1777 1.0459
1778 1.0459
1779 1.0459
1780 1.0459
1781 1.0459
1782 1.0459
1783 1.0459
1784 1.0459
1785 1.0459
1786 1.0459
1787 1.0459
1788 1.0459
1789 1.0459
1790 1.0459
1791 1.0459
1792 1.0459
1793 1.0459
1794 1.0459
1795 1.0459
1796 1.0459
1797 1.0459
1798 1.0459
1799 1.0459
1800 1.0459
1801 1.0459
1802 1.0459
1803 1.0459
1804 1.0459
1805 1.0459
1806 1.0459
1807 1.0459
1808 1.0459
1809 1.0459
1810 1.0459
1811 1.0459
1812 1.0459
1813 1.0459
1814 1.0459
1815 1.0459
1816 1.0459
1817 1.0459
1818 1.0459
1819 1.0459
1820 1.0459
1821 1.0459
1822 1.0459
1823 1.0459
1824 1.0459
1825 1.0459
1826 1.0459
1827 1.0459
1828 1.0459
1829 1.0459
1830 1.0459
1831 1.0459
1832 1.0459
1833 1.0459
1834 1.0459
1835 1.0459
1836 1.0459
1837 1.0459
1838 1.0459
1839 1.0459
1840 1.0459
1841 1.0459
1842 1.0459
1843 1.0459
1844 1.0459
1845 1.0459
1846 1.0459
1847 1.0459
1848 1.0459
1849 1.0459
1850 1.0459
1851 1.0459
1852 1.0459
1853 1.0459
1854 1.0459
1855 1.0459
1856 1.0459
1857 1.0459
1858 1.0459
1859 1.0459
1860 1.0459
1861 1.0459
1862 1.0459
1863 1.0459
1864 1.0459
1865 1.0459
1866 1.0459
1867 1.0459
1868 1.0459
1869 1.0459
1870 1.0459
1871 1.0459
1872 1.0459
1873 1.0459
1874 1.0459
1875 1.0459
1876 1.0459
1877 1.0459
1878 1.0459
1879 1.0459
1880 1.0459
1881 1.0459
1882 1.0459
1883 1.0459
1884 1.0459
1885 1.0459
1886 1.0459
1887 1.0459
1888 1.0459
1889 1.0459
1890 1.0459
1891 1.0459
1892 1.0459
1893 1.0459
1894 1.0459
1895 1.0459
1896 1.0459
1897 1.0459
1898 1.0459
1899 1.0459
1900 1.0459
1901 1.0459
1902 1.0459
1903 1.0459
1904 1.0459
1905 1.0459
1906 1.0459
1907 1.0459
1908 1.0459
1909 1.0459
1910 1.0459
1911 1.0459
1912 1.0459
1913 1.0459
1914 1.0459
1915 1.0459
1916 1.0459
1917 1.0459
1918 1.0459
1919 1.0459
1920 1.0459
1921 1.0459
1922 1.0459
1923 1.0459
1924 1.0459
1925 1.0459
1926 1.0459
1927 1.0459
1928 1.0459
1929 1.0459
1930 1.0459
1931 1.0459
1932 1.0459
1933 1.0459
1934 1.0459
1935 1.0459
1936 1.0459
1937 1.0459
1938 1.0459
1939 1.0459
1940 1.0459
1941 1.0459
1942 1.0459
1943 1.0459
1944 1.0459
1945 1.0459
1946 1.0459
1947 1.0459
1948 1.0459
1949 1.0459
1950 1.0459
1951 1.0459
1952 1.0459
1953 1.0459
1954 1.0459
1955 1.0459
1956 1.0459
1957 1.0459
1958 1.0459
1959 1.0459
1960 1.0459
1961 1.0459
1962 1.0459
1963 1.0459
1964 1.0459
1965 1.0459
1966 1.0459
1967 1.0459
1968 1.0459
1969 1.0459
1970 1.0459
1971 1.0459
1972 1.0459
1973 1.0459
1974 1.0459
1975 1.0459
1976 1.0459
1977 1.0459
1978 1.0459
1979 1.0459
1980 1.0459
1981 1.0459
1982 1.0459
1983 1.0459
1984 1.0459
1985 1.0459
1986 1.0459
1987 1.0459
1988 1.0459
1989 1.0459
1990 1.0459
1991 1.0459
1992 1.0459
1993 1.0459
1994 1.0459
1995 1.0459
1996 1.0459
1997 1.0459
1998 1.0459
1999 1.0459
2000 1.0459
2001 1.0459
2002 1.0459
2003 1.0459
2004 1.0459
2005 1.0459
2006 1.0459
2007 1.0459
2008 1.0459
2009 1.0459
2010 1.0459
2011 1.0459
2012 1.0459
2013 1.0459
2014 1.0459
2015 1.0459
2016 1.0459
2017 1.0459
2018 1.0459
2019 1.0459
2020 1.0459
2021 1.0459
2022 1.0459
2023 1.0459
2024 1.0459
2025 1.0459
2026 1.0459
2027 1.0459
2028 1.0459
2029 1.0459
2030 1.0459
2031 1.0459
2032 1.0459
2033 1.0459
2034 1.0459
2035 1.0459
2036 1.0459
2037 1.0459
2038 1.0459
2039 1.0459
2040 1.0459
2041 1.0459
2042 1.0459
2043 1.0459
2044 1.0459
2045 1.0459
2046 1.0459
2047 1.0459
2048 1.0459
2049 1.0459
2050 1.0459
2051 1.0459
2052 1.0459
2053 1.0459
2054 1.0459
2055 1.0459
2056 1.0459
2057 1.0459
2058 1.0459
2059 1.0459
2060 1.0459
2061 1.0459
2062 1.0459
2063 1.0459
2064 1.0459
2065 1.0459
2066 1.0459
2067 1.0459
2068 1.0459
2069 1.0459
2070 1.0459
2071 1.0459
2072 1.0459
2073 1.0459
2074 1.0459
2075 1.0459
2076 1.0459
2077 1.0459
2078 1.0459
2079 1.0459
2080 1.0459
2081 1.0459
2082 1.0459
2083 1.0459
2084 1.0459
2085 1.0459
2086 1.0459
2087 1.0459
2088 1.0459
2089 1.0459
2090 1.0459
2091 1.0459
2092 1.0459
2093 1.0459
2094 1.0459
2095 1.0459
2096 1.0459
2097 1.0459
2098 1.0459
2099 1.0459
2100 1.0459
2101 1.0459
2102 1.0459
2103 1.0459
2104 1.0459
2105 1.0459
2106 1.0459
2107 1.0459
2108 1.0459
2109 1.0459
2110 1.0459
2111 1.0459
2112 1.0459
2113 1.0459
2114 1.0459
2115 1.0459
2116 1.0459
2117 1.0459
2118 1.0459
2119 1.0459
2120 1.0459
2121 1.0459
2122 1.0459
2123 1.0459
2124 1.0459
2125 1.0459
2126 1.0459
2127 1.0459
2128 1.0459
2129 1.0459
2130 1.0459
2131 1.0459
2132 1.0459
2133 1.0459
2134 1.0459
2135 1.0459
2136 1.0459
2137 1.0459
2138 1.0459
2139 1.0459
2140 1.0459
2141 1.0459
2142 1.0459
2143 1.0459
2144 1.0459
2145 1.0459
2146 1.0459
2147 1.0459
2148 1.0459
2149 1.0459
2150 1.0459
2151 1.0459
2152 1.0459
2153 1.0459
2154 1.0459
2155 1.0459
2156 1.0459
2157 1.0459
2158 1.0459
2159 1.0459
2160 1.0459
2161 1.0459
2162 1.0459
2163 1.0459
2164 1.0459
2165 1.0459
2166 1.0459
2167 1.0459
2168 1.0459
2169 1.0459
2170 1.0459
2171 1.0459
2172 1.0459
2173 1.0459
2174 1.0459
2175 1.0459
2176 1.0459
2177 1.0459
2178 1.0459
2179 1.0459
2180 1.0459
2181 1.0459
2182 1.0459
2183 1.0459
2184 1.0459
2185 1.0459
2186 1.0459
2187 1.0459
2188 1.0459
2189 1.0459
2190 1.0459
2191 1.0459
2192 1.0459
2193 1.0459
2194 1.0459
2195 1.0459
2196 1.0459
2197 1.0459
2198 1.0459
2199 1.0459
2200 1.0459
2201 1.1459
2202 1.2459
2203 1.3459
2204 1.4459
2205 1.5459
2206 1.6459
2207 1.7459
2208 1.8459
2209 1.9459
2210 2
2211 2
2212 2
2213 2
2214 2
2215 2
2216 2
2217 2
2218 2
2219 1.9839
2220 1.9551
2221 1.918
2222 1.8763
2223 1.8327
2224 1.7892
2225 1.7473
2226 1.708
2227 1.6721
2228 1.6398
2229 1.6115
2230 1.5871
2231 1.5665
2232 1.5495
2233 1.5359
2234 1.5253
2235 1.5175
2236 1.512
2237 1.5086
2238 1.507
2239 1.5069
2240 1.5079
2241 1.5099
2242 1.5126
2243 1.5159
2244 1.5195
2245 1.5234
2246 1.5273
2247 1.5313
2248 1.5351
2249 1.5388
2250 1.5424
2251 1.5457
2252 1.5487
2253 1.5515
2254 1.554
2255 1.5562
2256 1.5581
2257 1.5599
2258 1.5613
2259 1.5626
2260 1.5636
2261 1.5645
2262 1.5652
2263 1.5657
2264 1.5662
2265 1.5665
2266 1.5667
2267 1.5668
2268 1.5669
2269 1.5669
2270 1.5668
2271 1.5668
2272 1.5667
2273 1.5665
2274 1.5664
2275 1.5663
2276 1.5661
2277 1.566
2278 1.5659
2279 1.5657
2280 1.5656
2281 1.5655
2282 1.5654
2283 1.5653
2284 1.5652
2285 1.5651
2286 1.5651
2287 1.565
2288 1.565
2289 1.5649
2290 1.5649
2291 1.5649
2292 1.5648
2293 1.5648
2294 1.5649
2295 1.5649
2296 1.565
2297 1.5651
2298 1.5652
2299 1.5654
2300 1.5656
2301 1.5659
2302 1.5662
2303 1.5665
2304 1.5669
2305 1.5673
2306 1.5677
2307 1.5681
2308 1.5686
2309 1.569
2310 1.5693
2311 1.5697
2312 1.57
2313 1.5703
2314 1.5706
2315 1.5708
2316 1.5709
2317 1.571
2318 1.5711
2319 1.5711
2320 1.571
2321 1.571
2322 1.5708
2323 1.5706
2324 1.5702
2325 1.5698
2326 1.5693
2327 1.5686
2328 1.568
2329 1.5672
2330 1.5664
2331 1.5656
2332 1.5648
2333 1.564
2334 1.5633
2335 1.5627
2336 1.5621
2337 1.5616
2338 1.5612
2339 1.5609
2340 1.5607
2341 1.5605
2342 1.5604
2343 1.5604
2344 1.5605
2345 1.5606
2346 1.5609
2347 1.5611
2348 1.5614
2349 1.5618
2350 1.5621
2351 1.5625
2352 1.5629
2353 1.5632
2354 1.5636
2355 1.5639
2356 1.5643
2357 1.5645
2358 1.5648
2359 1.565
2360 1.5652
2361 1.5654
2362 1.5655
2363 1.5656
2364 1.5657
2365 1.5658
2366 1.5658
2367 1.5658
2368 1.5658
2369 1.5657
2370 1.5657
2371 1.5657
2372 1.5656
2373 1.5655
2374 1.5655
2375 1.5654
2376 1.5654
2377 1.5653
2378 1.5652
2379 1.5652
2380 1.5651
2381 1.5651
2382 1.565
2383 1.565
2384 1.5649
2385 1.5649
2386 1.5649
2387 1.5649
2388 1.5648
2389 1.5648
2390 1.5648
2391 1.5648
2392 1.5648
2393 1.5648
2394 1.5648
2395 1.5648
2396 1.5648
2397 1.5648
2398 1.5648
2399 1.5648
2400 1.5648
2401 1.5648
2402 1.5648
2403 1.5648
2404 1.5648
2405 1.5648
2406 1.5649
2407 1.5649
2408 1.5649
2409 1.5649
2410 1.5649
2411 1.5649
2412 1.5649
2413 1.5649
2414 1.5649
2415 1.5649
2416 1.5649
2417 1.5649
2418 1.5649
2419 1.5649
2420 1.5649
2421 1.5649
2422 1.5649
2423 1.5649
2424 1.5649
2425 1.5649
2426 1.5649
2427 1.5649
2428 1.5649
2429 1.5649
2430 1.5649
2431 1.5649
2432 1.5649
2433 1.5649
2434 1.5648
2435 1.5648
2436 1.5648
2437 1.5648
2438 1.5648
2439 1.5648
2440 1.5648
2441 1.5648
2442 1.5648
2443 1.5648
2444 1.5648
2445 1.5648
2446 1.5648
2447 1.5648
2448 1.5648
2449 1.5648
2450 1.5648
2451 1.5648
2452 1.5648
2453 1.5648
2454 1.5648
2455 1.5648
2456 1.5648
2457 1.5649
2458 1.5649
2459 1.5649
2460 1.5649
2461 1.5649
2462 1.5649
2463 1.5649
2464 1.5649
2465 1.5649
2466 1.5649
2467 1.5649
2468 1.5649
2469 1.5649
2470 1.5649
2471 1.5649
2472 1.5649
2473 1.5649
2474 1.5649
2475 1.5649
2476 1.5649
2477 1.5649
2478 1.5649
2479 1.5649
2480 1.5649
2481 1.5649
2482 1.5649
2483 1.5649
2484 1.5649
2485 1.5649
2486 1.5649
2487 1.5649
2488 1.5649
2489 1.5649
2490 1.5649
2491 1.5649
2492 1.5649
2493 1.5649
2494 1.5649
2495 1.5649
2496 1.5649
2497 1.5649
2498 1.5649
2499 1.5649
2500 1.5649
2501 1.5649
2502 1.5649
2503 1.5649
2504 1.5649
2505 1.5649
2506 1.5649
2507 1.5649
2508 1.5649
2509 1.5649
2510 1.5649
2511 1.5649
2512 1.5649
2513 1.5649
2514 1.5649
2515 1.5649
2516 1.5649
2517 1.5649
2518 1.5649
2519 1.5649
2520 1.5649
2521 1.5649
2522 1.5649
2523 1.5649
2524 1.5649
2525 1.5649
2526 1.5649
2527 1.5649
2528 1.5649
2529 1.5649
2530 1.5649
2531 1.5649
2532 1.5649
2533 1.5649
2534 1.5649
2535 1.5649
2536 1.5649
2537 1.5649
2538 1.5649
2539 1.5649
2540 1.5649
2541 1.5649
2542 1.5649
2543 1.5649
2544 1.5649
2545 1.5649
2546 1.5649
2547 1.5649
2548 1.5649
2549 1.5649
2550 1.5649
2551 1.5649
2552 1.5649
2553 1.5649
2554 1.5649
2555 1.5649
2556 1.5649
2557 1.5649
2558 1.5649
2559 1.5649
2560 1.5649
2561 1.5649
2562 1.5649
2563 1.5649
2564 1.5649
2565 1.5649
2566 1.5649
2567 1.5649
2568 1.5649
2569 1.5649
2570 1.5649
2571 1.5649
2572 1.5649
2573 1.5649
2574 1.5649
2575 1.5649
2576 1.5649
2577 1.5649
2578 1.5649
2579 1.5649
2580 1.5649
2581 1.5649
2582 1.5649
2583 1.5649
2584 1.5649
2585 1.5649
2586 1.5649
2587 1.5649
2588 1.5649
2589 1.5649
2590 1.5649
2591 1.5649
2592 1.5649
2593 1.5649
2594 1.5649
2595 1.5649
2596 1.5649
2597 1.5649
2598 1.5649
2599 1.5649
2600 1.5649
2601 1.5649
2602 1.5649
2603 1.5649
2604 1.5649
2605 1.5649
2606 1.5649
2607 1.5649
2608 1.5649
2609 1.5649
2610 1.5649
2611 1.5649
2612 1.5649
2613 1.5649
2614 1.5649
2615 1.5649
2616 1.5649
2617 1.5649
2618 1.5649
2619 1.5649
2620 1.5649
2621 1.5649
2622 1.5649
2623 1.5649
2624 1.5649
2625 1.5649
2626 1.5649
2627 1.5649
2628 1.5649
2629 1.5649
2630 1.5649
2631 1.5649
2632 1.5649
2633 1.5649
2634 1.5649
2635 1.5649
2636 1.5649
2637 1.5649
2638 1.5649
2639 1.5649
2640 1.5649
2641 1.5649
2642 1.5649
2643 1.5649
2644 1.5649
2645 1.5649
2646 1.5649
2647 1.5649
2648 1.5649
2649 1.5649
2650 1.5649
2651 1.5649
2652 1.5649
2653 1.5649
2654 1.5649
2655 1.5649
2656 1.5649
2657 1.5649
2658 1.5649
2659 1.5649
2660 1.5649
2661 1.5649
2662 1.5649
2663 1.5649
2664 1.5649
2665 1.5649
2666 1.5649
2667 1.5649
2668 1.5649
2669 1.5649
2670 1.5649
2671 1.5649
2672 1.5649
2673 1.5649
2674 1.5649
2675 1.5649
2676 1.5649
2677 1.5649
2678 1.5649
2679 1.5649
2680 1.5649
2681 1.5649
2682 1.5649
2683 1.5649
2684 1.5649
2685 1.5649
2686 1.5649
2687 1.5649
2688 1.5649
2689 1.5649
2690 1.5649
2691 1.5649
2692 1.5649
2693 1.5649
2694 1.5649
2695 1.5649
2696 1.5649
2697 1.5649
2698 1.5649
2699 1.5649
2700 1.5649
2701 1.5649
2702 1.5649
2703 1.5649
2704 1.5649
2705 1.5649
2706 1.5649
2707 1.5649
2708 1.5649
2709 1.5649
2710 1.5649
2711 1.5649
2712 1.5649
2713 1.5649
2714 1.5649
2715 1.5649
2716 1.5649
2717 1.5649
2718 1.5649
2719 1.5649
2720 1.5649
2721 1.5649
2722 1.5649
2723 1.5649
2724 1.5649
2725 1.5649
2726 1.5649
2727 1.5649
2728 1.5649
2729 1.5649
2730 1.5649
2731 1.5649
2732 1.5649
2733 1.5649
2734 1.5649
2735 1.5649
2736 1.5649
2737 1.5649
2738 1.5649
2739 1.5649
2740 1.5649
2741 1.5649
2742 1.5649
2743 1.5649
2744 1.5649
2745 1.5649
2746 1.5649
2747 1.5649
2748 1.5649
2749 1.5649
2750 1.5649
2751 1.5649
2752 1.5649
2753 1.5649
2754 1.5649
2755 1.5649
2756 1.5649
2757 1.5649
2758 1.5649
2759 1.5649
2760 1.5649
2761 1.5649
2762 1.5649
2763 1.5649
2764 1.5649
2765 1.5649
2766 1.5649
2767 1.5649
2768 1.5649
2769 1.5649
2770 1.5649
2771 1.5649
2772 1.5649
2773 1.5649
2774 1.5649
2775 1.5649
2776 1.5649
2777 1.5649
2778 1.5649
2779 1.5649
2780 1.5649
2781 1.5649
2782 1.5649
2783 1.5649
2784 1.5649
2785 1.5649
2786 1.5649
2787 1.5649
2788 1.5649
2789 1.5649
2790 1.5649
2791 1.5649
2792 1.5649
2793 1.5649
2794 1.5649
2795 1.5649
2796 1.5649
2797 1.5649
2798 1.5649
2799 1.5649
2800 1.5649
2801 1.5649
2802 1.5649
2803 1.5649
2804 1.5649
2805 1.5649
2806 1.5649
2807 1.5649
2808 1.5649
2809 1.5649
2810 1.5649
2811 1.5649
2812 1.5649
2813 1.5649
2814 1.5649
2815 1.5649
2816 1.5649
2817 1.5649
2818 1.5649
2819 1.5649
2820 1.5649
2821 1.5649
2822 1.5649
2823 1.5649
2824 1.5649
2825 1.5649
2826 1.5649
2827 1.5649
2828 1.5649
2829 1.5649
2830 1.5649
2831 1.5649
2832 1.5649
2833 1.5649
2834 1.5649
2835 1.5649
2836 1.5649
2837 1.5649
2838 1.5649
2839 1.5649
2840 1.5649
2841 1.5649
2842 1.5649
2843 1.5649
2844 1.5649
2845 1.5649
2846 1.5649
2847 1.5649
2848 1.5649
2849 1.5649
2850 1.5649
2851 1.5649
2852 1.5649
2853 1.5649
2854 1.5649
2855 1.5649
2856 1.5649
2857 1.5649
2858 1.5649
2859 1.5649
2860 1.5649
2861 1.5649
2862 1.5649
2863 1.5649
2864 1.5649
2865 1.5649
2866 1.5649
2867 1.5649
2868 1.5649
2869 1.5649
2870 1.5649
2871 1.5649
2872 1.5649
2873 1.5649
2874 1.5649
2875 1.5649
2876 1.5649
2877 1.5649
2878 1.5649
2879 1.5649
2880 1.5649
2881 1.5649
2882 1.5649
2883 1.5649
2884 1.5649
2885 1.5649
2886 1.5649
2887 1.5649
2888 1.5649
2889 1.5649
2890 1.5649
2891 1.5649
2892 1.5649
2893 1.5649
2894 1.5649
2895 1.5649
2896 1.5649
2897 1.5649
2898 1.5649
2899 1.5649
2900 1.5649
2901 1.5649
2902 1.5649
2903 1.5649
2904 1.5649
2905 1.5649
2906 1.5649
2907 1.5649
2908 1.5649
2909 1.5649
2910 1.5649
2911 1.5649
2912 1.5649
2913 1.5649
2914 1.5649
2915 1.5649
2916 1.5649
2917 1.5649
2918 1.5649
2919 1.5649
2920 1.5649
2921 1.5649
2922 1.5649
2923 1.5649
2924 1.5649
2925 1.5649
2926 1.5649
2927 1.5649
2928 1.5649
2929 1.5649
2930 1.5649
2931 1.5649
2932 1.5649
2933 1.5649
2934 1.5649
2935 1.5649
2936 1.5649
2937 1.5649
2938 1.5649
2939 1.5649
2940 1.5649
2941 1.5649
2942 1.5649
2943 1.5649
2944 1.5649
2945 1.5649
2946 1.5649
2947 1.5649
2948 1.5649
2949 1.5649
2950 1.5649
2951 1.5649
2952 1.5649
2953 1.5649
2954 1.5649
2955 1.5649
2956 1.5649
2957 1.5649
2958 1.5649
2959 1.5649
2960 1.5649
2961 1.5649
2962 1.5649
2963 1.5649
2964 1.5649
2965 1.5649
2966 1.5649
2967 1.5649
2968 1.5649
2969 1.5649
2970 1.5649
2971 1.5649
2972 1.5649
2973 1.5649
2974 1.5649
2975 1.5649
2976 1.5649
2977 1.5649
2978 1.5649
2979 1.5649
2980 1.5649
2981 1.5649
2982 1.5649
2983 1.5649
2984 1.5649
2985 1.5649
2986 1.5649
2987 1.5649
2988 1.5649
2989 1.5649
2990 1.5649
2991 1.5649
2992 1.5649
2993 1.5649
2994 1.5649
2995 1.5649
2996 1.5649
2997 1.5649
2998 1.5649
2999 1.5649
3000 1.5649
