1 0
2 0
3 0
4 0
5 0
6 0
7 0
8 0
9 0
10 0
11 0
12 0
13 0
14 0
15 0
16 0
17 0
18 0
19 0
20 0
21 2.9955
22 3.7306
23 3.3369
24 2.5549
25 1.7881
26 1.2046
27 0.83331
28 0.63769
29 0.56173
30 0.55409
31 0.57725
32 0.60815
33 0.63526
34 0.65451
35 0.66602
36 0.6716
37 0.67339
38 0.67317
39 0.67215
40 0.67104
41 0.67016
42 0.66957
43 0.66926
44 0.66914
45 0.66913
46 0.66918
47 0.66924
48 0.6693
49 0.66934
50 0.66937
51 0.66939
52 0.66941
53 0.66941
54 0.66942
55 0.66942
56 0.66943
57 0.66943
58 0.66944
59 0.66944
60 0.66944
61 0.66945
62 0.66945
63 0.4093
64 0.058141
65 -0.34427
66 -0.67116
67 -0.86475
68 -0.91139
69 -0.82176
70 -0.61778
71 -0.32514
72 0.03026
73 0.42358
74 0.83134
75 1.2314
76 1.6033
77 1.9283
78 2.1903
79 2.3761
80 2.4766
81 2.4864
82 2.4052
83 2.2368
84 1.9898
85 1.6765
86 1.3127
87 0.91689
88 0.50907
89 0.10992
90 -0.26032
91 -0.58288
92 -0.84139
93 -1.0227
94 -1.1178
95 -1.1216
96 -1.0342
97 -0.85987
98 -0.60762
99 -0.29026
100 0.076051
101 0.47266
102 0.87938
103 1.2755
104 1.6409
105 1.957
106 2.2077
107 2.3802
108 2.4659
109 2.4604
110 2.3639
111 2.1813
112 1.9219
113 1.5987
114 1.2281
115 0.82896
116 0.42154
117 0.026648
118 -0.33559
119 -0.64672
120 -0.89088
121 -1.0556
122 -1.1326
123 -1.1179
124 -1.0122
125 -0.821
126 -0.55395
127 -0.22465
128 0.15014
129 0.55135
130 0.95858
131 1.3511
132 1.709
133 2.0142
134 2.2513
135 2.4083
136 2.4773
137 2.4546
138 2.341
139 2.142
140 1.8677
141 1.5323
142 1.1516
143 0.74584
144 0.3368
145 -0.054305
146 -0.40767
147 -0.70568
148 -0.93359
149 -1.0801
150 -1.1379
151 -1.1042
152 -0.98045
153 -0.77302
154 -0.49233
155 -0.15259
156 0.22897
157 0.63295
158 1.0388
159 1.4259
160 1.7746
161 2.067
162 2.2884
163 2.4274
164 2.477
165 2.4347
166 2.3026
167 2.0874
168 1.8001
169 1.4553
170 1.0705
171 0.66528
172 0.26029
173 -0.12389
174 -0.46773
175 -0.75374
176 -0.9674
177 -1.0979
178 -1.1386
179 -1.0875
180 -0.94726
181 -0.72484
182 -0.43153
183 -0.082194
184 0.30558
185 0.71216
186 1.1169
187 1.4991
188 1.8392
189 2.1199
190 2.3267
191 2.4491
192 2.4809
193 2.4205
194 2.271
195 2.0399
196 1.7391
197 1.3839
198 0.99239
199 0.58444
200 0.18081
