1 0
2 0
3 0
4 0
5 0
6 0
7 0
8 0
9 0
10 0
11 0
12 0
13 0
14 0
15 0
16 0
17 0
18 0
19 0
20 0
21 0
22 0
23 0
24 0
25 0
26 0.23037
27 0.50546
28 0.73616
29 0.89487
30 0.98646
31 1.0285
32 1.0397
33 1.0354
34 1.0254
35 1.0153
36 1.0075
37 1.0024
38 0.99974
39 0.99865
40 0.9985
41 0.99878
42 0.99918
43 0.99954
44 0.9998
45 0.99995
46 1
47 1.0001
48 1.0001
49 1
50 1
51 1
52 1
53 1
54 1
55 1
56 1
57 1
58 1
59 1
60 1
61 1
62 1
63 1
64 1
65 1.0237
66 1.0671
67 1.1255
68 1.1739
69 1.2007
70 1.1981
71 1.1681
72 1.1175
73 1.054
74 0.98498
75 0.91652
76 0.85346
77 0.79949
78 0.75732
79 0.72887
80 0.71529
81 0.71698
82 0.73368
83 0.76437
84 0.80742
85 0.86056
86 0.92107
87 0.98583
88 1.0515
89 1.1148
90 1.1724
91 1.2214
92 1.2593
93 1.2841
94 1.2946
95 1.2902
96 1.2711
97 1.2383
98 1.1934
99 1.1388
100 1.0771
101 1.0116
102 0.94554
103 0.88227
104 0.82502
105 0.7767
106 0.73976
107 0.71608
108 0.70686
109 0.71257
110 0.73291
111 0.76686
112 0.81269
113 0.86808
114 0.93021
115 0.99593
116 1.0619
117 1.1248
118 1.1813
119 1.2286
120 1.2644
121 1.2866
122 1.2943
123 1.287
124 1.265
125 1.2296
126 1.1824
127 1.126
128 1.0632
129 0.99708
130 0.93115
131 0.86871
132 0.81294
133 0.76669
134 0.73229
135 0.71151
136 0.70541
137 0.71428
138 0.73771
139 0.7745
140 0.82283
141 0.88026
142 0.94389
143 1.0105
144 1.0766
145 1.1388
146 1.194
147 1.2392
148 1.2721
149 1.2911
150 1.2953
151 1.2846
152 1.2595
153 1.2213
154 1.1719
155 1.1139
156 1.0501
157 0.98382
158 0.91834
159 0.85702
160 0.80295
161 0.7589
162 0.72711
163 0.70919
164 0.70606
165 0.71789
166 0.74406
167 0.78325
168 0.83347
169 0.89217
170 0.95634
171 1.0227
172 1.088
173 1.1488
174 1.202
175 1.2449
176 1.2754
177 1.2918
178 1.2935
179 1.2802
180 1.2526
181 1.2122
182 1.161
183 1.1015
184 1.0369
185 0.97037
186 0.90528
187 0.84495
188 0.79247
189 0.75052
190 0.72125
191 0.70619
192 0.70611
193 0.72102
194 0.75017
195 0.79207
196 0.84457
197 0.905
198 0.97027
199 1.0371
200 1.102
