1 0
2 0
3 0
4 0
5 0
6 0
7 0
8 0
9 0
10 0
11 0
12 0
13 0
14 0
15 0
16 0
17 0
18 0
19 0
20 0
21 0
22 0
23 0
24 0
25 0
26 0
27 0
28 0
29 0
30 0
31 0
32 0
33 0
34 0
35 0
36 0
37 0
38 0
39 0
40 0
41 0
42 0
43 0
44 0
45 0
46 0
47 0
48 0
49 0
50 0
51 0
52 0
53 0
54 0
55 0
56 0
57 0
58 0
59 0
60 0
61 0
62 0.22409
63 0.43679
64 0.62727
65 0.78584
66 0.90444
67 0.97704
68 0.99994
69 0.97197
70 0.89457
71 0.77166
72 0.60951
73 0.41635
74 0.20201
75 -0.022599
76 -0.24606
77 -0.45701
78 -0.64471
79 -0.79962
80 -0.91385
81 -0.9816
82 -0.99943
83 -0.96641
84 -0.88424
85 -0.75709
86 -0.59144
87 -0.3957
88 -0.17983
89 0.045187
90 0.2679
91 0.47699
92 0.66182
93 0.81298
94 0.92279
95 0.98567
96 0.9984
97 0.96036
98 0.87346
99 0.74214
100 0.57306
101 0.37484
102 0.15755
103 -0.067752
104 -0.28961
105 -0.49673
106 -0.67859
107 -0.82594
108 -0.93127
109 -0.98923
110 -0.99687
111 -0.95381
112 -0.86223
113 -0.7268
114 -0.5544
115 -0.35379
116 -0.13519
117 0.090282
118 0.31117
119 0.51622
120 0.69502
121 0.83847
122 0.93926
123 0.99228
124 0.99483
125 0.94678
126 0.85057
127 0.71109
128 0.53545
129 0.33256
130 0.11277
131 -0.11277
132 -0.33256
133 -0.53545
134 -0.71109
135 -0.85057
136 -0.94678
137 -0.99483
138 -0.99228
139 -0.93926
140 -0.83847
141 -0.69502
142 -0.51622
143 -0.31117
144 -0.090282
145 0.13519
146 0.35379
147 0.5544
148 0.7268
149 0.86223
150 0.95381
151 0.99687
152 0.98923
153 0.93127
154 0.82594
155 0.67859
156 0.49673
157 0.28961
158 0.067752
159 -0.15755
160 -0.37484
161 -0.57306
162 -0.74214
163 -0.87346
164 -0.96036
165 -0.9984
166 -0.98567
167 -0.92279
168 -0.81298
169 -0.66182
170 -0.47699
171 -0.2679
172 -0.045187
173 0.17983
174 0.3957
175 0.59144
176 0.75709
177 0.88424
178 0.96641
179 0.99943
180 0.9816
181 0.91385
182 0.79962
183 0.64471
184 0.45701
185 0.24606
186 0.022599
187 -0.20201
188 -0.41635
189 -0.60951
190 -0.77166
191 -0.89457
192 -0.97197
193 -0.99994
194 -0.97704
195 -0.90444
196 -0.78584
197 -0.62727
198 -0.43679
199 -0.22409
200 -1.2246e-15
